syn_10000_100_100000_1.01, 0.0, 87, 0.0, 1.000050002500125e-05
syn_10000_100_100000_1.02, 0.0, 87, 0.0, 1.0001100121013312e-05
syn_10000_100_100000_1.03, 0.0, 87, 0.0, 0.0
syn_10000_100_100000_1.04, 0.0, 87, 0.0, 2.000040000800016e-05
syn_10000_100_100000_1.05, 0.0, 91, 0.0006, 0.0005000150004500135
syn_10000_100_100000_1.06, 0.0, 87, 0.0001, 8.001120156821956e-05
syn_10000_100_100000_1.07, 0.0, 87, 0.0002, 9.000180003600073e-05
syn_10000_100_100000_1.08, 0.0, 87, 0.0, 4.000480057606913e-05
syn_10000_100_100000_1.09, 0.0, 87, 0.0003, 0.00010001500225033755
syn_10000_100_100000_1.1, 0.0, 87, 0.0, 0.0
syn_10000_100_100000_1.11, 0.0, 87, 0.0, 6.000420029402058e-05
