2000
1000
10000
0 1
1 1
2 1
3 1
4 1
5 28
6 1
7 1
8 1
9 19
10 1
11 141
12 12
13 127
14 1
15 17
16 1
17 1
18 1
19 1
20 47
21 1
22 1
23 31
24 1
25 122
26 1
27 12
28 105
29 1
30 1
31 1
32 11
33 1
34 1
35 18
36 28
37 35
38 1
39 110
40 1
41 22
42 15
43 22
44 1
45 123
46 53
47 1
48 16
49 155
50 1
51 20
52 1
53 20
54 11
55 11
56 1
57 1
58 1
59 1
60 121
61 1
62 84
63 1
64 1
65 16
66 21
67 1
68 1
69 1
70 1
71 13
72 39
73 1
74 1
75 1
76 1
77 1
78 1
79 17
80 1
81 60
82 11
83 79
84 85
85 11
86 20
87 1
88 70
89 34
90 1
91 1
92 11
93 1
94 11
95 1
96 51
97 55
98 1
99 1
100 1
101 53
102 55
103 107
104 14
105 12
106 20
107 1
108 135
109 1
110 15
111 53
112 1
113 178
114 172
115 241
116 17
117 1
118 93
119 56
120 1
121 1
122 1
123 1
124 1
125 12
126 1
127 14
128 1
129 21
130 1
131 13
132 25
133 42
134 73
135 1
136 69
137 1
138 35
139 1
140 1
141 12
142 13
143 34
144 185
145 1
146 1
147 1
148 31
149 1
150 11
151 1
152 12
153 50
154 12
155 13
156 1
157 1
158 1
159 1
160 1
161 42
162 1
163 128
164 19
165 24
166 32
167 12
168 1
169 1
170 19
171 1
172 1
173 1
174 32
175 12
176 16
177 68
178 31
179 11
180 1
181 12
182 11
183 1
184 26
185 14
186 11
187 13
188 1
189 1
190 34
191 34
192 91
193 1
194 11
195 86
196 17
197 16
198 1
199 14
200 1
201 27
202 1
203 1
204 1
205 1
206 103
207 1
208 1
209 1
210 19
211 17
212 76
213 1
214 1
215 35
216 52
217 1
218 17
219 13
220 1
221 1
222 1
223 1
224 11
225 1
226 23
227 1
228 29
229 11
230 1
231 145
232 76
233 1
234 19
235 36
236 50
237 27
238 77
239 1
240 1
241 1
242 1
243 1
244 1
245 1
246 1
247 1
248 104
249 1
250 45
251 108
252 70
253 13
254 1
255 1
256 195
257 1
258 54
259 19
260 1
261 11
262 1
263 1
264 174
265 1
266 14
267 1
268 17
269 29
270 1
271 1
272 1
273 1
274 1
275 1
276 1
277 29
278 11
279 12
280 110
281 1
282 1
283 1
284 1
285 1
286 23
287 13
288 29
289 18
290 44
291 11
292 1
293 18
294 24
295 153
296 164
297 1
298 154
299 67
300 1
301 88
302 1
303 1
304 13
305 11
306 12
307 11
308 27
309 53
310 1
311 1
312 26
313 119
314 93
315 31
316 1
317 23
318 15
319 1
320 11
321 57
322 1
323 1
324 1
325 59
326 24
327 20
328 1
329 18
330 11
331 1
332 82
333 29
334 1
335 1
336 1
337 11
338 1
339 85
340 53
341 53
342 11
343 1
344 14
345 1
346 1
347 1
348 45
349 16
350 13
351 1
352 32
353 11
354 33
355 11
356 27
357 1
358 1
359 21
360 1
361 40
362 29
363 1
364 1
365 48
366 1
367 26
368 28
369 1
370 1
371 1
372 15
373 1
374 34
375 1
376 11
377 1
378 1
379 1
380 1
381 1
382 1
383 46
384 1
385 1
386 53
387 15
388 1
389 11
390 1
391 1
392 1
393 78
394 37
395 1
396 44
397 1
398 55
399 102
400 13
401 1
402 114
403 96
404 17
405 94
406 100
407 1
408 21
409 33
410 1
411 1
412 1
413 1
414 16
415 40
416 22
417 37
418 43
419 1
420 11
421 64
422 1
423 16
424 49
425 11
426 1
427 11
428 13
429 18
430 1
431 1
432 1
433 85
434 15
435 33
436 52
437 1
438 12
439 1
440 53
441 1
442 23
443 1
444 1
445 1
446 1
447 13
448 53
449 16
450 40
451 19
452 1
453 52
454 1
455 16
456 1
457 1
458 29
459 1
460 1
461 1
462 72
463 1
464 13
465 11
466 136
467 22
468 1
469 100
470 95
471 1
472 65
473 1
474 13
475 1
476 1
477 100
478 106
479 224
480 1
481 119
482 1
483 1
484 105
485 1
486 71
487 140
488 1
489 147
490 115
491 1
492 11
493 1
494 16
495 1
496 13
497 1
498 1
499 56
500 131
501 1
502 63
503 19
504 14
505 1
506 1
507 37
508 17
509 39
510 28
511 1
512 13
513 105
514 63
515 1
516 1
517 44
518 1
519 12
520 12
521 1
522 15
523 1
524 11
525 1
526 44
527 75
528 91
529 1
530 37
531 49
532 13
533 22
534 1
535 70
536 84
537 1
538 39
539 13
540 15
541 13
542 1
543 64
544 1
545 12
546 1
547 37
548 13
549 21
550 16
551 22
552 1
553 1
554 1
555 14
556 12
557 1
558 1
559 1
560 12
561 16
562 12
563 42
564 20
565 83
566 16
567 1
568 16
569 1
570 19
571 39
572 1
573 12
574 1
575 11
576 58
577 1
578 106
579 1
580 93
581 51
582 51
583 110
584 11
585 1
586 1
587 1
588 30
589 101
590 1
591 11
592 12
593 32
594 1
595 130
596 140
597 28
598 1
599 1
600 1
601 1
602 72
603 1
604 147
605 1
606 37
607 11
608 1
609 1
610 51
611 13
612 29
613 38
614 1
615 93
616 143
617 14
618 1
619 15
620 49
621 1
622 14
623 75
624 120
625 36
626 11
627 1
628 14
629 1
630 1
631 41
632 1
633 16
634 1
635 23
636 1
637 191
638 11
639 39
640 1
641 26
642 139
643 1
644 11
645 27
646 1
647 23
648 13
649 65
650 13
651 11
652 12
653 20
654 1
655 1
656 22
657 24
658 1
659 44
660 1
661 68
662 16
663 11
664 1
665 1
666 1
667 1
668 33
669 41
670 19
671 1
672 30
673 75
674 138
675 1
676 1
677 76
678 1
679 1
680 1
681 11
682 1
683 23
684 12
685 1
686 1
687 29
688 14
689 19
690 49
691 111
692 1
693 45
694 1
695 12
696 1
697 1
698 11
699 12
700 1
701 1
702 90
703 1
704 102
705 44
706 129
707 26
708 12
709 84
710 13
711 11
712 24
713 11
714 19
715 1
716 1
717 1
718 27
719 18
720 17
721 1
722 1
723 91
724 20
725 1
726 22
727 1
728 1
729 12
730 34
731 52
732 1
733 1
734 1
735 1
736 33
737 40
738 1
739 72
740 1
741 1
742 1
743 13
744 16
745 1
746 1
747 1
748 12
749 42
750 1
751 12
752 17
753 1
754 39
755 1
756 103
757 1
758 1
759 19
760 1
761 114
762 23
763 15
764 11
765 76
766 12
767 11
768 1
769 14
770 11
771 1
772 99
773 1
774 39
775 11
776 127
777 31
778 1
779 1
780 49
781 1
782 25
783 86
784 18
785 1
786 63
787 1
788 1
789 1
790 1
791 32
792 64
793 120
794 1
795 1
796 98
797 1
798 1
799 105
800 94
801 32
802 1
803 1
804 49
805 15
806 12
807 42
808 16
809 22
810 1
811 1
812 37
813 1
814 1
815 19
816 22
817 15
818 45
819 1
820 1
821 13
822 1
823 47
824 1
825 14
826 53
827 15
828 1
829 29
830 1
831 1
832 1
833 139
834 1
835 31
836 131
837 1
838 14
839 1
840 1
841 1
842 12
843 1
844 21
845 1
846 96
847 1
848 92
849 1
850 96
851 11
852 1
853 1
854 97
855 1
856 1
857 1
858 24
859 22
860 11
861 108
862 1
863 32
864 1
865 1
866 69
867 14
868 18
869 1
870 43
871 1
872 15
873 55
874 1
875 77
876 1
877 1
878 35
879 1
880 16
881 1
882 1
883 1
884 1
885 17
886 65
887 1
888 14
889 1
890 1
891 1
892 12
893 80
894 1
895 1
896 15
897 21
898 1
899 1
900 1
901 116
902 27
903 60
904 19
905 1
906 20
907 121
908 1
909 16
910 106
911 17
912 116
913 31
914 17
915 1
916 1
917 19
918 16
919 117
920 11
921 12
922 22
923 12
924 17
925 168
926 18
927 1
928 1
929 1
930 11
931 29
932 1
933 1
934 71
935 15
936 13
937 129
938 22
939 1
940 1
941 11
942 1
943 1
944 1
945 65
946 98
947 100
948 11
949 46
950 1
951 26
952 1
953 76
954 1
955 1
956 1
957 1
958 1
959 1
960 1
961 1
962 1
963 1
964 21
965 1
966 23
967 60
968 91
969 16
970 18
971 151
972 29
973 1
974 1
975 1
976 11
977 33
978 1
979 12
980 21
981 62
982 18
983 1
984 1
985 77
986 1
987 1
988 1
989 12
990 1
991 16
992 35
993 1
994 15
995 29
996 24
997 1
998 1
999 11
