2000
400
10000
0 40
1 49
2 1
3 1
4 88
5 136
6 28
7 12
8 14
9 46
10 189
11 14
12 202
13 61
14 1
15 42
16 294
17 1
18 24
19 289
20 1
21 13
22 11
23 21
24 24
25 234
26 1
27 21
28 13
29 26
30 62
31 35
32 12
33 78
34 44
35 1
36 1
37 41
38 187
39 13
40 15
41 11
42 1
43 1
44 1
45 249
46 24
47 118
48 15
49 13
50 41
51 1
52 1
53 26
54 1
55 1
56 34
57 152
58 18
59 1
60 1
61 12
62 12
63 19
64 1
65 15
66 1
67 28
68 25
69 42
70 98
71 1
72 85
73 82
74 13
75 11
76 21
77 12
78 241
79 35
80 53
81 44
82 12
83 13
84 151
85 1
86 23
87 1
88 11
89 93
90 129
91 11
92 183
93 203
94 43
95 21
96 1
97 18
98 15
99 1
100 1
101 13
102 1
103 286
104 27
105 50
106 1
107 17
108 14
109 12
110 1
111 246
112 67
113 20
114 12
115 67
116 1
117 1
118 239
119 249
120 186
121 20
122 105
123 128
124 1
125 51
126 100
127 1
128 18
129 100
130 11
131 181
132 1
133 17
134 1
135 55
136 25
137 1
138 40
139 22
140 17
141 32
142 1
143 15
144 1
145 12
146 24
147 25
148 53
149 14
150 68
151 1
152 19
153 54
154 66
155 20
156 1
157 1
158 1
159 95
160 1
161 23
162 99
163 54
164 1
165 1
166 115
167 212
168 1
169 1
170 84
171 1
172 138
173 112
174 82
175 16
176 403
177 244
178 160
179 20
180 77
181 71
182 15
183 34
184 20
185 13
186 35
187 49
188 11
189 1
190 21
191 31
192 86
193 49
194 419
195 16
196 50
197 1
198 1
199 1
200 14
201 1
202 193
203 337
204 16
205 11
206 212
207 287
208 1
209 51
210 1
211 82
212 1
213 106
214 80
215 1
216 154
217 1
218 1
219 43
220 102
221 1
222 16
223 1
224 1
225 94
226 13
227 212
228 44
229 12
230 1
231 11
232 12
233 29
234 20
235 1
236 1
237 18
238 421
239 234
240 15
241 100
242 317
243 20
244 1
245 1
246 120
247 94
248 1
249 15
250 81
251 180
252 1
253 20
254 43
255 1
256 1
257 11
258 18
259 179
260 1
261 11
262 15
263 11
264 63
265 1
266 27
267 1
268 1
269 221
270 16
271 1
272 12
273 1
274 1
275 20
276 14
277 15
278 45
279 1
280 13
281 1
282 35
283 14
284 1
285 1
286 221
287 1
288 73
289 1
290 11
291 1
292 1
293 28
294 1
295 1
296 1
297 87
298 366
299 73
300 25
301 1
302 16
303 1
304 1
305 1
306 1
307 26
308 167
309 129
310 11
311 1
312 39
313 702
314 205
315 18
316 13
317 49
318 374
319 14
320 1
321 50
322 1
323 19
324 1
325 31
326 15
327 265
328 268
329 162
330 1
331 1
332 18
333 1
334 51
335 20
336 12
337 35
338 1
339 1
340 92
341 129
342 186
343 44
344 41
345 49
346 325
347 408
348 1
349 1
350 256
351 11
352 1
353 1
354 201
355 23
356 11
357 12
358 1
359 11
360 16
361 43
362 12
363 21
364 11
365 21
366 1
367 1
368 264
369 13
370 1
371 1
372 1
373 1
374 19
375 123
376 91
377 35
378 277
379 58
380 1
381 34
382 61
383 14
384 171
385 1
386 1
387 1
388 1
389 32
390 17
391 1
392 482
393 1
394 11
395 37
396 112
397 20
398 1
399 1
