2000000
4000000
10000
0 0
1 0
2 2733
3 1
4 2
5 37
6 131
7 1
8 881
9 3
10 0
11 905
12 0
13 0
14 0
15 1
16 300
17 20
18 0
19 0
20 204
21 0
22 0
23 0
24 7
25 0
26 0
27 0
28 258
29 2
30 0
31 3
32 0
33 0
34 222
35 20
36 0
37 607
38 1
39 2
40 0
41 0
42 321
43 497
44 0
45 0
46 0
47 0
48 0
49 16
50 0
51 0
52 0
53 1
54 0
55 0
56 0
57 11
58 0
59 0
60 0
61 3
62 0
63 0
64 54
65 22
66 0
67 0
68 0
69 0
70 0
71 689
72 0
73 452
74 0
75 0
76 7
77 2
78 0
79 0
80 4
81 631
82 319
83 0
84 1
85 0
86 0
87 0
88 0
89 0
90 0
91 0
92 0
93 0
94 0
95 13
96 0
97 0
98 0
99 0
100 790
101 0
102 0
103 16
104 41
105 0
106 0
107 0
108 0
109 127
110 0
111 499
112 77
113 3
114 181
115 0
116 664
117 0
118 2214
119 170
120 107
121 374
122 0
123 0
124 0
125 0
126 5
127 0
128 0
129 0
130 3170
131 17
132 0
133 0
134 0
135 548
136 0
137 351
138 0
139 184
140 0
141 1
142 2
143 268
144 16
145 0
146 0
147 0
148 2
149 0
150 56
151 0
152 0
153 0
154 2
155 893
156 0
157 0
158 731
159 0
160 1
161 0
162 31
163 169
164 0
165 0
166 0
167 2
168 0
169 0
170 0
171 0
172 0
173 23
174 14
175 0
176 0
177 0
178 0
179 0
180 0
181 736
182 121
183 0
184 326
185 0
186 0
187 135
188 0
189 1
190 0
191 0
192 0
193 0
194 0
195 0
196 0
197 0
198 0
199 0
200 0
201 0
202 1349
203 0
204 0
205 761
206 583
207 0
208 1
209 0
210 0
211 0
212 0
213 341
214 0
215 0
216 0
217 25
218 0
219 400
220 1056
221 0
222 0
223 0
224 0
225 0
226 1095
227 0
228 0
229 2084
230 3
231 0
232 0
233 0
234 2
235 1297
236 0
237 3780
238 4467
239 0
240 0
241 0
242 0
243 42
244 0
245 0
246 0
247 1
248 264
249 53
250 1
251 315
252 22
253 121
254 0
255 0
256 0
257 0
258 0
259 259
260 0
261 0
262 0
263 1
264 0
265 0
266 1
267 0
268 0
269 707
270 0
271 0
272 129
273 0
274 0
275 48
276 52
277 0
278 12
279 58
280 0
281 0
282 0
283 0
284 669
285 0
286 0
287 7
288 1
289 0
290 3376
291 27
292 1566
293 0
294 87
295 0
296 0
297 0
298 2
299 4264
300 0
301 0
302 0
303 0
304 0
305 12
306 1905
307 0
308 0
309 38
310 168
311 125
312 872
313 0
314 0
315 518
316 2
317 0
318 22
319 0
320 0
321 2972
322 0
323 0
324 25
325 189
326 1809
327 569
328 1
329 0
330 0
331 899
332 2135
333 79
334 0
335 0
336 12
337 0
338 43
339 1099
340 0
341 0
342 0
343 0
344 0
345 856
346 7
347 0
348 6
349 0
350 0
351 0
352 0
353 2103
354 0
355 5
356 546
357 0
358 2
359 13
360 36
361 0
362 0
363 29
364 0
365 0
366 0
367 9
368 14
369 3365
370 4
371 0
372 289
373 0
374 0
375 0
376 3712
377 0
378 0
379 351
380 0
381 0
382 0
383 206
384 1
385 3234
386 0
387 0
388 1
389 1
390 0
391 0
392 0
393 0
394 0
395 0
396 0
397 0
398 69
399 0
400 0
401 12
402 0
403 3019
404 106
405 3
406 0
407 0
408 0
409 0
410 0
411 117
412 0
413 0
414 0
415 0
416 0
417 1150
418 0
419 0
420 0
421 2
422 2
423 5
424 0
425 0
426 0
427 0
428 0
429 5
430 0
431 133
432 1
433 2580
434 1
435 544
436 0
437 300
438 0
439 484
440 1523
441 0
442 1
443 3480
444 92
445 0
446 0
447 0
448 1168
449 0
450 1566
451 51
452 32
453 23
454 0
455 0
456 0
457 0
458 0
459 0
460 0
461 717
462 49
463 0
464 633
465 5
466 5
467 0
468 0
469 0
470 204
471 0
472 321
473 0
474 25
475 0
476 0
477 0
478 0
479 318
480 3
481 2108
482 0
483 0
484 0
485 0
486 2
487 0
488 0
489 0
490 290
491 1666
492 0
493 1
494 0
495 0
496 0
497 48
498 1415
499 0
500 10
501 4
502 0
503 0
504 0
505 0
506 3342
507 0
508 195
509 24
510 0
511 0
512 26
513 0
514 0
515 0
516 0
517 0
518 0
519 0
520 0
521 0
522 0
523 0
524 1
525 39
526 0
527 0
528 0
529 6
530 1222
531 0
532 0
533 0
534 0
535 76
536 2
537 2262
538 0
539 1
540 0
541 0
542 1
543 0
544 0
545 0
546 0
547 27
548 2326
549 989
550 0
551 3
552 2326
553 1
554 0
555 0
556 197
557 0
558 19
559 0
560 0
561 0
562 0
563 0
564 58
565 29
566 1
567 0
568 286
569 4
570 0
571 0
572 0
573 0
574 0
575 0
576 0
577 0
578 0
579 35
580 0
581 1278
582 857
583 7
584 50
585 7
586 265
587 0
588 0
589 0
590 3839
591 0
592 1492
593 1565
594 0
595 0
596 1560
597 0
598 0
599 1221
600 3491
601 30
602 0
603 0
604 1227
605 0
606 6
607 0
608 0
609 9
610 0
611 0
612 0
613 0
614 0
615 0
616 0
617 1
618 0
619 0
620 4422
621 7
622 18
623 0
624 57
625 0
626 3528
627 0
628 168
629 0
630 47
631 298
632 9
633 10
634 0
635 1394
636 2
637 48
638 2
639 35
640 0
641 1
642 2
643 0
644 0
645 0
646 0
647 0
648 4
649 0
650 17
651 0
652 13
653 0
654 0
655 0
656 0
657 0
658 0
659 0
660 0
661 1586
662 0
663 762
664 0
665 0
666 81
667 1
668 0
669 0
670 0
671 0
672 434
673 472
674 5
675 1010
676 0
677 0
678 102
679 0
680 0
681 0
682 0
683 0
684 5
685 7
686 0
687 39
688 0
689 0
690 458
691 0
692 3312
693 9
694 0
695 0
696 0
697 245
698 0
699 0
700 0
701 0
702 0
703 52
704 0
705 0
706 179
707 407
708 0
709 0
710 0
711 594
712 0
713 852
714 1
715 19
716 0
717 0
718 27
719 0
720 0
721 1
722 0
723 128
724 11
725 23
726 0
727 0
728 31
729 5
730 0
731 0
732 0
733 0
734 0
735 1147
736 280
737 0
738 0
739 0
740 0
741 0
742 0
743 1555
744 7
745 0
746 0
747 823
748 381
749 0
750 0
751 5
752 6
753 0
754 11
755 0
756 5
757 8
758 0
759 1
760 0
761 0
762 0
763 0
764 16
765 0
766 0
767 3
768 0
769 0
770 18
771 862
772 101
773 922
774 0
775 0
776 0
777 0
778 0
779 0
780 0
781 1
782 0
783 0
784 0
785 0
786 24
787 0
788 0
789 1
790 0
791 0
792 120
793 0
794 0
795 0
796 2
797 1825
798 0
799 0
800 0
801 0
802 0
803 0
804 0
805 0
806 603
807 0
808 437
809 0
810 0
811 1
812 0
813 0
814 6
815 2
816 1
817 0
818 0
819 142
820 4320
821 0
822 1
823 26
824 1181
825 0
826 5
827 0
828 32
829 0
830 0
831 3595
832 0
833 0
834 1
835 0
836 5
837 893
838 0
839 14
840 0
841 2
842 0
843 0
844 0
845 0
846 0
847 0
848 2
849 0
850 0
851 37
852 0
853 2248
854 0
855 17
856 0
857 178
858 0
859 33
860 35
861 0
862 15
863 0
864 0
865 0
866 0
867 0
868 0
869 0
870 0
871 0
872 1
873 0
874 0
875 161
876 15
877 436
878 2
879 799
880 125
881 2
882 28
883 0
884 0
885 0
886 0
887 2015
888 0
889 0
890 1
891 0
892 1
893 0
894 0
895 0
896 695
897 0
898 0
899 0
900 0
901 39
902 271
903 0
904 0
905 271
906 0
907 0
908 0
909 0
910 623
911 0
912 0
913 0
914 0
915 0
916 0
917 2
918 0
919 990
920 0
921 0
922 0
923 0
924 1136
925 0
926 0
927 1424
928 3220
929 209
930 0
931 2
932 0
933 0
934 1
935 0
936 2365
937 8
938 0
939 0
940 1103
941 0
942 1
943 49
944 0
945 0
946 3
947 17
948 0
949 0
950 0
951 3
952 6
953 65
954 0
955 1231
956 45
957 0
958 0
959 0
960 0
961 0
962 0
963 0
964 0
965 0
966 0
967 0
968 2194
969 386
970 0
971 1227
972 0
973 0
974 0
975 0
976 0
977 22
978 0
979 227
980 1
981 85
982 0
983 0
984 0
985 0
986 0
987 0
988 0
989 0
990 20
991 0
992 0
993 41
994 0
995 623
996 1546
997 0
998 1582
999 5
1000 0
1001 248
1002 5
1003 0
1004 0
1005 102
1006 0
1007 0
1008 0
1009 0
1010 158
1011 45
1012 0
1013 0
1014 0
1015 0
1016 3
1017 0
1018 0
1019 1
1020 0
1021 0
1022 0
1023 1166
1024 0
1025 0
1026 1
1027 0
1028 0
1029 390
1030 0
1031 0
1032 2
1033 0
1034 67
1035 0
1036 169
1037 0
1038 1081
1039 138
1040 6
1041 3545
1042 0
1043 0
1044 1
1045 0
1046 794
1047 932
1048 0
1049 0
1050 0
1051 3085
1052 0
1053 824
1054 0
1055 1
1056 0
1057 0
1058 11
1059 168
1060 0
1061 0
1062 153
1063 91
1064 0
1065 0
1066 2680
1067 0
1068 0
1069 20
1070 0
1071 0
1072 3
1073 0
1074 0
1075 0
1076 0
1077 0
1078 0
1079 4319
1080 0
1081 0
1082 158
1083 0
1084 264
1085 77
1086 0
1087 0
1088 242
1089 0
1090 0
1091 14
1092 0
1093 0
1094 0
1095 3
1096 0
1097 0
1098 0
1099 5
1100 0
1101 0
1102 0
1103 0
1104 0
1105 0
1106 30
1107 2032
1108 576
1109 0
1110 0
1111 0
1112 0
1113 2
1114 521
1115 3327
1116 0
1117 434
1118 2689
1119 1
1120 134
1121 0
1122 259
1123 0
1124 1
1125 906
1126 0
1127 0
1128 0
1129 0
1130 0
1131 0
1132 173
1133 0
1134 2829
1135 0
1136 3
1137 0
1138 54
1139 0
1140 2
1141 0
1142 845
1143 90
1144 0
1145 68
1146 0
1147 198
1148 288
1149 1374
1150 0
1151 511
1152 0
1153 711
1154 1
1155 0
1156 0
1157 61
1158 0
1159 1
1160 0
1161 1
1162 28
1163 0
1164 0
1165 94
1166 1
1167 0
1168 0
1169 0
1170 0
1171 1120
1172 0
1173 0
1174 0
1175 0
1176 0
1177 0
1178 1
1179 0
1180 0
1181 0
1182 0
1183 1
1184 0
1185 40
1186 0
1187 0
1188 0
1189 31
1190 0
1191 0
1192 0
1193 0
1194 91
1195 0
1196 0
1197 0
1198 0
1199 0
1200 0
1201 6
1202 804
1203 0
1204 0
1205 55
1206 0
1207 0
1208 0
1209 0
1210 0
1211 0
1212 403
1213 0
1214 0
1215 0
1216 498
1217 0
1218 0
1219 0
1220 0
1221 0
1222 943
1223 0
1224 0
1225 138
1226 0
1227 0
1228 205
1229 28
1230 0
1231 0
1232 0
1233 0
1234 0
1235 0
1236 906
1237 0
1238 0
1239 1
1240 0
1241 0
1242 0
1243 38
1244 0
1245 15
1246 0
1247 0
1248 3
1249 0
1250 1023
1251 0
1252 0
1253 0
1254 7
1255 17
1256 12
1257 0
1258 0
1259 0
1260 63
1261 6
1262 0
1263 0
1264 2
1265 0
1266 0
1267 1
1268 0
1269 509
1270 4
1271 227
1272 390
1273 0
1274 10
1275 0
1276 0
1277 0
1278 7
1279 0
1280 3114
1281 0
1282 3
1283 0
1284 2412
1285 0
1286 0
1287 5
1288 0
1289 0
1290 12
1291 0
1292 0
1293 0
1294 262
1295 0
1296 0
1297 6
1298 0
1299 13
1300 18
1301 1
1302 2837
1303 246
1304 0
1305 0
1306 0
1307 161
1308 299
1309 1617
1310 0
1311 93
1312 0
1313 0
1314 0
1315 0
1316 0
1317 2286
1318 185
1319 0
1320 0
1321 0
1322 0
1323 1
1324 0
1325 1357
1326 0
1327 4
1328 0
1329 0
1330 0
1331 7
1332 178
1333 0
1334 4
1335 1446
1336 0
1337 0
1338 0
1339 1
1340 21
1341 10
1342 0
1343 2
1344 194
1345 3
1346 0
1347 15
1348 1
1349 455
1350 141
1351 0
1352 0
1353 0
1354 0
1355 0
1356 122
1357 0
1358 0
1359 0
1360 0
1361 0
1362 180
1363 0
1364 1
1365 1228
1366 0
1367 0
1368 25
1369 0
1370 0
1371 0
1372 0
1373 0
1374 0
1375 1
1376 5
1377 0
1378 0
1379 93
1380 0
1381 0
1382 693
1383 1261
1384 48
1385 0
1386 0
1387 0
1388 0
1389 49
1390 0
1391 0
1392 7
1393 73
1394 0
1395 0
1396 283
1397 0
1398 1
1399 4
1400 0
1401 0
1402 2328
1403 189
1404 0
1405 1052
1406 0
1407 0
1408 2915
1409 85
1410 0
1411 0
1412 0
1413 3184
1414 0
1415 0
1416 1
1417 16
1418 0
1419 0
1420 1
1421 2693
1422 0
1423 16
1424 0
1425 0
1426 2
1427 0
1428 41
1429 0
1430 0
1431 1913
1432 9
1433 0
1434 0
1435 3
1436 1
1437 0
1438 0
1439 212
1440 0
1441 37
1442 0
1443 2442
1444 0
1445 0
1446 1210
1447 38
1448 1
1449 0
1450 0
1451 0
1452 0
1453 0
1454 0
1455 0
1456 2
1457 0
1458 1
1459 0
1460 0
1461 0
1462 0
1463 0
1464 0
1465 2357
1466 0
1467 2133
1468 0
1469 18
1470 0
1471 0
1472 0
1473 0
1474 0
1475 0
1476 0
1477 573
1478 0
1479 4
1480 0
1481 0
1482 2
1483 0
1484 0
1485 0
1486 0
1487 9
1488 5
1489 0
1490 0
1491 0
1492 0
1493 0
1494 0
1495 0
1496 0
1497 2703
1498 0
1499 0
1500 0
1501 0
1502 0
1503 0
1504 1281
1505 0
1506 0
1507 11
1508 0
1509 32
1510 0
1511 3146
1512 138
1513 9
1514 114
1515 1407
1516 1867
1517 0
1518 0
1519 2225
1520 0
1521 0
1522 119
1523 23
1524 38
1525 1
1526 0
1527 815
1528 0
1529 0
1530 0
1531 0
1532 0
1533 0
1534 0
1535 2
1536 0
1537 0
1538 0
1539 0
1540 0
1541 1
1542 731
1543 0
1544 0
1545 3
1546 0
1547 2275
1548 0
1549 0
1550 2
1551 3
1552 0
1553 0
1554 0
1555 0
1556 0
1557 0
1558 0
1559 0
1560 0
1561 4
1562 0
1563 0
1564 0
1565 0
1566 0
1567 0
1568 1
1569 0
1570 0
1571 0
1572 0
1573 409
1574 0
1575 0
1576 0
1577 0
1578 2589
1579 0
1580 0
1581 0
1582 52
1583 1831
1584 0
1585 0
1586 4280
1587 127
1588 9
1589 0
1590 4125
1591 0
1592 0
1593 0
1594 32
1595 0
1596 0
1597 180
1598 78
1599 341
1600 0
1601 2
1602 0
1603 0
1604 56
1605 0
1606 0
1607 0
1608 0
1609 0
1610 0
1611 0
1612 46
1613 218
1614 196
1615 1
1616 136
1617 0
1618 1295
1619 0
1620 0
1621 1720
1622 1
1623 59
1624 39
1625 0
1626 0
1627 4
1628 7
1629 0
1630 2
1631 0
1632 0
1633 32
1634 0
1635 0
1636 69
1637 13
1638 28
1639 0
1640 93
1641 53
1642 0
1643 626
1644 227
1645 3
1646 0
1647 53
1648 0
1649 0
1650 6
1651 0
1652 0
1653 0
1654 0
1655 0
1656 0
1657 0
1658 0
1659 0
1660 52
1661 5
1662 0
1663 0
1664 0
1665 195
1666 0
1667 0
1668 0
1669 0
1670 0
1671 0
1672 1
1673 4
1674 0
1675 1
1676 0
1677 9
1678 1
1679 0
1680 22
1681 4
1682 0
1683 0
1684 0
1685 0
1686 0
1687 0
1688 8
1689 0
1690 0
1691 38
1692 0
1693 267
1694 0
1695 244
1696 261
1697 0
1698 0
1699 0
1700 7
1701 21
1702 0
1703 30
1704 93
1705 60
1706 0
1707 0
1708 11
1709 1
1710 1731
1711 0
1712 0
1713 0
1714 34
1715 1
1716 0
1717 0
1718 0
1719 1559
1720 1047
1721 1
1722 0
1723 510
1724 497
1725 0
1726 922
1727 2037
1728 0
1729 0
1730 0
1731 0
1732 0
1733 0
1734 0
1735 1
1736 0
1737 44
1738 1
1739 30
1740 0
1741 10
1742 4
1743 0
1744 0
1745 0
1746 0
1747 4369
1748 8
1749 47
1750 85
1751 1
1752 25
1753 161
1754 0
1755 38
1756 46
1757 0
1758 6
1759 479
1760 112
1761 0
1762 22
1763 0
1764 0
1765 0
1766 0
1767 1
1768 871
1769 0
1770 0
1771 8
1772 1
1773 0
1774 3059
1775 0
1776 0
1777 6
1778 0
1779 0
1780 0
1781 0
1782 4083
1783 1
1784 0
1785 1
1786 0
1787 2277
1788 0
1789 0
1790 0
1791 619
1792 125
1793 1748
1794 18
1795 1402
1796 0
1797 0
1798 44
1799 225
1800 0
1801 0
1802 0
1803 0
1804 0
1805 19
1806 0
1807 0
1808 0
1809 221
1810 0
1811 3272
1812 0
1813 7
1814 0
1815 82
1816 0
1817 0
1818 48
1819 292
1820 0
1821 0
1822 25
1823 0
1824 0
1825 0
1826 0
1827 0
1828 0
1829 0
1830 0
1831 660
1832 4
1833 0
1834 11
1835 0
1836 112
1837 0
1838 0
1839 0
1840 2955
1841 17
1842 194
1843 0
1844 0
1845 620
1846 13
1847 0
1848 0
1849 0
1850 0
1851 0
1852 0
1853 0
1854 160
1855 0
1856 0
1857 1
1858 0
1859 315
1860 0
1861 0
1862 277
1863 0
1864 0
1865 0
1866 17
1867 3
1868 0
1869 15
1870 0
1871 23
1872 0
1873 15
1874 0
1875 1
1876 2
1877 0
1878 56
1879 0
1880 133
1881 1
1882 0
1883 0
1884 0
1885 0
1886 0
1887 0
1888 446
1889 41
1890 0
1891 0
1892 63
1893 0
1894 0
1895 0
1896 3961
1897 0
1898 17
1899 0
1900 0
1901 0
1902 6
1903 0
1904 8
1905 0
1906 0
1907 0
1908 6
1909 22
1910 0
1911 0
1912 0
1913 0
1914 221
1915 0
1916 0
1917 0
1918 0
1919 0
1920 866
1921 0
1922 0
1923 126
1924 0
1925 0
1926 0
1927 109
1928 533
1929 12
1930 90
1931 2
1932 1140
1933 0
1934 468
1935 3
1936 1
1937 0
1938 570
1939 0
1940 0
1941 0
1942 0
1943 0
1944 597
1945 0
1946 9
1947 2
1948 0
1949 1
1950 1
1951 0
1952 0
1953 1
1954 612
1955 190
1956 0
1957 83
1958 2299
1959 0
1960 0
1961 130
1962 2
1963 0
1964 498
1965 2090
1966 0
1967 0
1968 645
1969 0
1970 1
1971 0
1972 0
1973 0
1974 0
1975 0
1976 0
1977 1
1978 324
1979 0
1980 0
1981 0
1982 71
1983 67
1984 2
1985 0
1986 0
1987 0
1988 0
1989 155
1990 0
1991 0
1992 0
1993 0
1994 0
1995 0
1996 1
1997 0
1998 0
1999 15
2000 425
2001 0
2002 1347
2003 1
2004 3
2005 2
2006 1883
2007 0
2008 1
2009 5
2010 0
2011 0
2012 8
2013 9
2014 23
2015 0
2016 1723
2017 0
2018 22
2019 0
2020 0
2021 601
2022 0
2023 0
2024 0
2025 0
2026 0
2027 3
2028 0
2029 0
2030 0
2031 0
2032 1
2033 789
2034 1
2035 946
2036 0
2037 0
2038 0
2039 0
2040 338
2041 158
2042 3746
2043 0
2044 23
2045 7
2046 150
2047 0
2048 0
2049 2
2050 0
2051 9
2052 0
2053 0
2054 0
2055 37
2056 9
2057 5
2058 0
2059 886
2060 114
2061 6
2062 0
2063 0
2064 31
2065 0
2066 24
2067 1
2068 0
2069 1230
2070 688
2071 18
2072 0
2073 0
2074 0
2075 0
2076 11
2077 0
2078 271
2079 1
2080 0
2081 0
2082 616
2083 0
2084 1
2085 1608
2086 57
2087 0
2088 0
2089 0
2090 0
2091 0
2092 9
2093 1421
2094 0
2095 1
2096 0
2097 0
2098 0
2099 0
2100 11
2101 0
2102 0
2103 0
2104 1
2105 33
2106 0
2107 0
2108 0
2109 8
2110 0
2111 0
2112 0
2113 0
2114 4249
2115 0
2116 4203
2117 0
2118 0
2119 401
2120 0
2121 0
2122 0
2123 0
2124 1
2125 0
2126 0
2127 0
2128 0
2129 5
2130 641
2131 0
2132 0
2133 2529
2134 0
2135 0
2136 0
2137 1
2138 56
2139 0
2140 0
2141 58
2142 2519
2143 0
2144 2707
2145 0
2146 252
2147 0
2148 10
2149 0
2150 0
2151 0
2152 3563
2153 0
2154 0
2155 21
2156 0
2157 1052
2158 0
2159 0
2160 4280
2161 0
2162 794
2163 97
2164 0
2165 210
2166 0
2167 0
2168 0
2169 0
2170 2903
2171 0
2172 415
2173 0
2174 1
2175 0
2176 93
2177 1
2178 6
2179 0
2180 83
2181 1
2182 0
2183 0
2184 0
2185 105
2186 0
2187 2694
2188 0
2189 48
2190 0
2191 1
2192 0
2193 1125
2194 0
2195 0
2196 0
2197 0
2198 0
2199 125
2200 0
2201 2
2202 125
2203 211
2204 2
2205 3
2206 0
2207 0
2208 0
2209 0
2210 0
2211 0
2212 135
2213 0
2214 0
2215 0
2216 377
2217 0
2218 0
2219 0
2220 509
2221 0
2222 0
2223 0
2224 173
2225 0
2226 0
2227 3
2228 0
2229 372
2230 0
2231 0
2232 0
2233 0
2234 43
2235 0
2236 355
2237 2
2238 1
2239 0
2240 0
2241 0
2242 450
2243 0
2244 0
2245 3
2246 18
2247 1055
2248 89
2249 0
2250 0
2251 23
2252 0
2253 0
2254 1884
2255 0
2256 0
2257 0
2258 16
2259 0
2260 576
2261 1
2262 0
2263 1
2264 1
2265 0
2266 0
2267 0
2268 0
2269 0
2270 0
2271 0
2272 0
2273 2
2274 0
2275 0
2276 0
2277 0
2278 2
2279 0
2280 0
2281 0
2282 0
2283 0
2284 0
2285 0
2286 39
2287 81
2288 1
2289 0
2290 2
2291 0
2292 0
2293 0
2294 0
2295 0
2296 3513
2297 0
2298 1
2299 0
2300 0
2301 0
2302 326
2303 0
2304 0
2305 0
2306 0
2307 426
2308 3678
2309 1
2310 0
2311 0
2312 0
2313 2
2314 0
2315 6
2316 0
2317 31
2318 0
2319 0
2320 12
2321 0
2322 0
2323 0
2324 0
2325 741
2326 1
2327 0
2328 695
2329 1
2330 0
2331 13
2332 0
2333 0
2334 0
2335 0
2336 18
2337 166
2338 0
2339 0
2340 0
2341 0
2342 2599
2343 1
2344 0
2345 0
2346 0
2347 0
2348 6
2349 153
2350 0
2351 0
2352 20
2353 0
2354 1
2355 0
2356 0
2357 1227
2358 0
2359 0
2360 0
2361 0
2362 0
2363 1
2364 0
2365 3
2366 277
2367 2
2368 79
2369 5
2370 3
2371 0
2372 0
2373 0
2374 0
2375 17
2376 0
2377 0
2378 321
2379 1
2380 0
2381 0
2382 0
2383 29
2384 2952
2385 2
2386 3
2387 31
2388 1
2389 0
2390 101
2391 41
2392 0
2393 0
2394 9
2395 0
2396 0
2397 362
2398 529
2399 4008
2400 0
2401 0
2402 3
2403 0
2404 1
2405 0
2406 0
2407 1
2408 1151
2409 6
2410 2040
2411 37
2412 0
2413 0
2414 23
2415 7
2416 0
2417 1
2418 164
2419 0
2420 4
2421 0
2422 0
2423 0
2424 65
2425 0
2426 5
2427 0
2428 0
2429 0
2430 0
2431 0
2432 0
2433 0
2434 0
2435 1
2436 0
2437 21
2438 0
2439 0
2440 0
2441 0
2442 0
2443 2
2444 0
2445 0
2446 0
2447 0
2448 0
2449 0
2450 0
2451 0
2452 0
2453 0
2454 157
2455 0
2456 0
2457 0
2458 13
2459 0
2460 0
2461 0
2462 0
2463 8
2464 0
2465 0
2466 0
2467 2
2468 1
2469 81
2470 0
2471 60
2472 0
2473 0
2474 0
2475 159
2476 183
2477 0
2478 18
2479 0
2480 0
2481 0
2482 0
2483 0
2484 0
2485 0
2486 0
2487 0
2488 529
2489 58
2490 87
2491 5
2492 1
2493 1977
2494 0
2495 0
2496 49
2497 0
2498 658
2499 0
2500 0
2501 1032
2502 0
2503 1
2504 1018
2505 1
2506 0
2507 0
2508 1
2509 0
2510 0
2511 32
2512 269
2513 0
2514 0
2515 0
2516 0
2517 0
2518 0
2519 0
2520 0
2521 3752
2522 0
2523 4
2524 8
2525 0
2526 0
2527 0
2528 0
2529 1
2530 502
2531 0
2532 0
2533 2591
2534 0
2535 0
2536 0
2537 0
2538 231
2539 0
2540 0
2541 0
2542 0
2543 0
2544 4338
2545 0
2546 0
2547 4405
2548 0
2549 3
2550 0
2551 9
2552 0
2553 0
2554 144
2555 0
2556 0
2557 0
2558 0
2559 0
2560 0
2561 0
2562 245
2563 0
2564 0
2565 0
2566 0
2567 777
2568 764
2569 0
2570 0
2571 0
2572 0
2573 0
2574 0
2575 0
2576 0
2577 563
2578 0
2579 0
2580 4
2581 0
2582 28
2583 0
2584 0
2585 65
2586 0
2587 0
2588 3267
2589 4
2590 0
2591 0
2592 0
2593 864
2594 3
2595 0
2596 18
2597 0
2598 0
2599 0
2600 2
2601 1140
2602 712
2603 0
2604 817
2605 254
2606 0
2607 1
2608 0
2609 0
2610 0
2611 0
2612 572
2613 0
2614 3917
2615 0
2616 81
2617 0
2618 2
2619 0
2620 0
2621 0
2622 0
2623 0
2624 1
2625 54
2626 0
2627 0
2628 1254
2629 0
2630 0
2631 0
2632 1354
2633 0
2634 0
2635 0
2636 0
2637 54
2638 0
2639 17
2640 9
2641 244
2642 0
2643 0
2644 2
2645 1
2646 0
2647 46
2648 0
2649 2465
2650 0
2651 0
2652 125
2653 0
2654 0
2655 136
2656 0
2657 0
2658 0
2659 0
2660 0
2661 261
2662 1
2663 0
2664 0
2665 0
2666 0
2667 0
2668 0
2669 0
2670 82
2671 13
2672 3331
2673 0
2674 0
2675 0
2676 4
2677 0
2678 0
2679 0
2680 0
2681 0
2682 0
2683 0
2684 0
2685 1
2686 38
2687 0
2688 0
2689 0
2690 1278
2691 0
2692 0
2693 102
2694 704
2695 0
2696 0
2697 2067
2698 1
2699 15
2700 0
2701 43
2702 0
2703 1090
2704 0
2705 1758
2706 31
2707 4
2708 0
2709 0
2710 0
2711 0
2712 15
2713 2
2714 3
2715 2
2716 0
2717 183
2718 0
2719 0
2720 423
2721 3
2722 0
2723 0
2724 0
2725 0
2726 0
2727 0
2728 0
2729 0
2730 173
2731 0
2732 0
2733 0
2734 214
2735 0
2736 1165
2737 16
2738 0
2739 2485
2740 3
2741 1
2742 0
2743 0
2744 0
2745 5
2746 1527
2747 170
2748 821
2749 0
2750 4
2751 1499
2752 169
2753 0
2754 0
2755 0
2756 0
2757 0
2758 0
2759 4477
2760 0
2761 0
2762 464
2763 535
2764 3885
2765 2
2766 0
2767 1113
2768 0
2769 1
2770 2872
2771 1
2772 70
2773 1
2774 0
2775 0
2776 60
2777 0
2778 0
2779 0
2780 0
2781 0
2782 0
2783 0
2784 0
2785 8
2786 25
2787 0
2788 183
2789 0
2790 0
2791 4141
2792 1
2793 0
2794 658
2795 55
2796 0
2797 11
2798 0
2799 0
2800 0
2801 150
2802 0
2803 0
2804 509
2805 203
2806 0
2807 1
2808 0
2809 0
2810 0
2811 0
2812 0
2813 0
2814 0
2815 0
2816 1
2817 0
2818 0
2819 0
2820 0
2821 239
2822 0
2823 0
2824 2
2825 0
2826 2
2827 180
2828 1
2829 0
2830 0
2831 0
2832 0
2833 7
2834 0
2835 114
2836 105
2837 5
2838 833
2839 39
2840 2
2841 0
2842 0
2843 0
2844 19
2845 0
2846 0
2847 5
2848 2343
2849 4
2850 112
2851 0
2852 638
2853 53
2854 15
2855 0
2856 4357
2857 0
2858 16
2859 7
2860 7
2861 4105
2862 58
2863 93
2864 0
2865 0
2866 934
2867 0
2868 0
2869 0
2870 0
2871 94
2872 0
2873 29
2874 746
2875 3
2876 2
2877 0
2878 0
2879 0
2880 0
2881 0
2882 0
2883 7
2884 0
2885 236
2886 2
2887 0
2888 0
2889 5
2890 0
2891 4
2892 0
2893 3
2894 1
2895 3
2896 2
2897 0
2898 756
2899 0
2900 0
2901 0
2902 0
2903 304
2904 3073
2905 1357
2906 0
2907 0
2908 0
2909 140
2910 185
2911 0
2912 0
2913 34
2914 3
2915 0
2916 0
2917 0
2918 3110
2919 0
2920 31
2921 0
2922 0
2923 0
2924 98
2925 0
2926 0
2927 0
2928 0
2929 0
2930 270
2931 39
2932 0
2933 0
2934 0
2935 0
2936 3170
2937 0
2938 0
2939 0
2940 0
2941 0
2942 0
2943 0
2944 0
2945 0
2946 0
2947 0
2948 0
2949 0
2950 0
2951 0
2952 0
2953 10
2954 3
2955 0
2956 2
2957 0
2958 0
2959 0
2960 5
2961 1
2962 0
2963 0
2964 0
2965 4212
2966 0
2967 78
2968 1
2969 0
2970 0
2971 29
2972 0
2973 0
2974 0
2975 0
2976 0
2977 0
2978 4
2979 0
2980 331
2981 0
2982 2214
2983 0
2984 0
2985 0
2986 219
2987 8
2988 0
2989 2
2990 0
2991 994
2992 1535
2993 1052
2994 0
2995 0
2996 1
2997 44
2998 0
2999 0
3000 7
3001 2
3002 0
3003 0
3004 0
3005 10
3006 14
3007 24
3008 0
3009 0
3010 0
3011 5
3012 0
3013 109
3014 3273
3015 0
3016 559
3017 0
3018 0
3019 0
3020 0
3021 73
3022 0
3023 0
3024 13
3025 2
3026 0
3027 0
3028 0
3029 0
3030 0
3031 0
3032 2737
3033 0
3034 0
3035 0
3036 0
3037 0
3038 310
3039 0
3040 0
3041 0
3042 0
3043 0
3044 0
3045 2483
3046 0
3047 0
3048 3768
3049 5
3050 1464
3051 13
3052 0
3053 307
3054 1062
3055 0
3056 0
3057 0
3058 0
3059 19
3060 200
3061 512
3062 75
3063 0
3064 0
3065 2111
3066 610
3067 1
3068 687
3069 54
3070 295
3071 0
3072 0
3073 0
3074 0
3075 5
3076 0
3077 0
3078 0
3079 9
3080 0
3081 483
3082 0
3083 0
3084 33
3085 1612
3086 0
3087 650
3088 0
3089 0
3090 0
3091 1
3092 0
3093 0
3094 0
3095 3267
3096 11
3097 76
3098 1
3099 0
3100 0
3101 0
3102 0
3103 1071
3104 0
3105 81
3106 250
3107 0
3108 13
3109 0
3110 0
3111 0
3112 721
3113 0
3114 18
3115 0
3116 1
3117 0
3118 0
3119 0
3120 166
3121 0
3122 0
3123 0
3124 0
3125 0
3126 0
3127 3430
3128 1381
3129 0
3130 2
3131 0
3132 0
3133 4
3134 226
3135 0
3136 4
3137 0
3138 0
3139 0
3140 0
3141 0
3142 0
3143 0
3144 1
3145 0
3146 976
3147 0
3148 0
3149 0
3150 216
3151 0
3152 5
3153 266
3154 49
3155 0
3156 0
3157 3280
3158 46
3159 0
3160 40
3161 0
3162 0
3163 0
3164 0
3165 0
3166 13
3167 0
3168 0
3169 88
3170 0
3171 0
3172 0
3173 0
3174 0
3175 0
3176 28
3177 0
3178 3393
3179 0
3180 69
3181 0
3182 0
3183 2500
3184 34
3185 51
3186 4
3187 0
3188 0
3189 0
3190 0
3191 0
3192 2
3193 1
3194 0
3195 1
3196 0
3197 0
3198 540
3199 89
3200 32
3201 0
3202 0
3203 0
3204 928
3205 0
3206 0
3207 1
3208 0
3209 1
3210 80
3211 870
3212 0
3213 0
3214 0
3215 18
3216 0
3217 385
3218 0
3219 30
3220 0
3221 0
3222 7
3223 0
3224 8
3225 0
3226 0
3227 0
3228 119
3229 0
3230 0
3231 544
3232 0
3233 0
3234 0
3235 0
3236 88
3237 13
3238 1
3239 0
3240 43
3241 0
3242 237
3243 0
3244 5
3245 30
3246 0
3247 0
3248 0
3249 34
3250 0
3251 0
3252 0
3253 0
3254 22
3255 0
3256 0
3257 74
3258 1
3259 0
3260 0
3261 0
3262 1
3263 0
3264 2
3265 2523
3266 18
3267 10
3268 0
3269 0
3270 10
3271 19
3272 0
3273 4
3274 877
3275 1600
3276 194
3277 0
3278 0
3279 0
3280 396
3281 0
3282 1
3283 0
3284 419
3285 2
3286 0
3287 0
3288 0
3289 0
3290 0
3291 0
3292 0
3293 0
3294 5
3295 0
3296 8
3297 0
3298 3
3299 0
3300 0
3301 4251
3302 0
3303 817
3304 0
3305 3141
3306 0
3307 1
3308 0
3309 727
3310 0
3311 8
3312 3247
3313 0
3314 0
3315 0
3316 0
3317 0
3318 0
3319 97
3320 0
3321 0
3322 0
3323 3553
3324 0
3325 484
3326 24
3327 0
3328 0
3329 0
3330 215
3331 0
3332 0
3333 0
3334 52
3335 0
3336 0
3337 1
3338 0
3339 0
3340 0
3341 198
3342 0
3343 100
3344 4421
3345 0
3346 0
3347 0
3348 14
3349 44
3350 0
3351 0
3352 866
3353 8
3354 0
3355 0
3356 0
3357 0
3358 161
3359 0
3360 0
3361 0
3362 3386
3363 820
3364 84
3365 1
3366 1
3367 5
3368 0
3369 0
3370 3
3371 415
3372 99
3373 0
3374 0
3375 0
3376 1451
3377 0
3378 109
3379 1
3380 0
3381 3
3382 0
3383 19
3384 0
3385 0
3386 0
3387 7
3388 0
3389 180
3390 0
3391 2
3392 22
3393 41
3394 0
3395 3
3396 0
3397 0
3398 0
3399 7
3400 1107
3401 61
3402 0
3403 237
3404 0
3405 1696
3406 0
3407 0
3408 0
3409 9
3410 1
3411 37
3412 14
3413 2
3414 205
3415 0
3416 0
3417 294
3418 0
3419 0
3420 0
3421 0
3422 0
3423 18
3424 1946
3425 1
3426 1
3427 0
3428 5
3429 2
3430 0
3431 0
3432 0
3433 128
3434 14
3435 0
3436 0
3437 0
3438 0
3439 0
3440 0
3441 0
3442 0
3443 122
3444 864
3445 1
3446 0
3447 2
3448 0
3449 0
3450 1
3451 0
3452 0
3453 0
3454 0
3455 139
3456 0
3457 0
3458 2
3459 1
3460 7
3461 0
3462 0
3463 0
3464 1
3465 113
3466 10
3467 1
3468 0
3469 0
3470 0
3471 0
3472 709
3473 0
3474 0
3475 92
3476 0
3477 218
3478 7
3479 0
3480 0
3481 0
3482 0
3483 0
3484 0
3485 0
3486 1
3487 0
3488 0
3489 0
3490 0
3491 0
3492 382
3493 0
3494 149
3495 0
3496 0
3497 3
3498 0
3499 9
3500 0
3501 0
3502 193
3503 0
3504 0
3505 337
3506 0
3507 0
3508 0
3509 0
3510 0
3511 304
3512 0
3513 0
3514 4
3515 0
3516 0
3517 0
3518 1470
3519 0
3520 0
3521 0
3522 28
3523 0
3524 509
3525 5
3526 5
3527 0
3528 3927
3529 0
3530 0
3531 0
3532 104
3533 40
3534 59
3535 0
3536 0
3537 2
3538 0
3539 707
3540 31
3541 48
3542 0
3543 0
3544 415
3545 0
3546 0
3547 0
3548 2
3549 0
3550 0
3551 18
3552 0
3553 0
3554 0
3555 0
3556 0
3557 0
3558 0
3559 43
3560 74
3561 15
3562 0
3563 0
3564 0
3565 0
3566 0
3567 0
3568 0
3569 2371
3570 0
3571 2063
3572 9
3573 8
3574 0
3575 1
3576 8
3577 3
3578 3
3579 0
3580 2
3581 181
3582 54
3583 1
3584 1
3585 0
3586 0
3587 1
3588 1565
3589 0
3590 67
3591 0
3592 0
3593 4235
3594 0
3595 2377
3596 13
3597 18
3598 0
3599 0
3600 0
3601 1
3602 0
3603 0
3604 119
3605 171
3606 9
3607 1
3608 2039
3609 0
3610 0
3611 4206
3612 1
3613 0
3614 76
3615 0
3616 142
3617 0
3618 0
3619 0
3620 196
3621 557
3622 0
3623 0
3624 45
3625 1
3626 0
3627 0
3628 0
3629 0
3630 519
3631 0
3632 5
3633 0
3634 28
3635 0
3636 262
3637 0
3638 0
3639 0
3640 0
3641 1467
3642 0
3643 0
3644 0
3645 0
3646 0
3647 6
3648 98
3649 0
3650 74
3651 2593
3652 0
3653 57
3654 1792
3655 511
3656 16
3657 3
3658 0
3659 1
3660 37
3661 0
3662 0
3663 0
3664 9
3665 0
3666 39
3667 6
3668 0
3669 0
3670 0
3671 29
3672 214
3673 0
3674 0
3675 0
3676 0
3677 0
3678 0
3679 1
3680 0
3681 71
3682 0
3683 3
3684 0
3685 0
3686 0
3687 680
3688 10
3689 250
3690 0
3691 0
3692 1162
3693 0
3694 0
3695 0
3696 0
3697 8
3698 1
3699 1
3700 945
3701 0
3702 0
3703 0
3704 0
3705 0
3706 0
3707 0
3708 0
3709 0
3710 0
3711 0
3712 0
3713 1
3714 0
3715 67
3716 0
3717 278
3718 82
3719 0
3720 0
3721 0
3722 0
3723 0
3724 0
3725 806
3726 3249
3727 3240
3728 0
3729 0
3730 0
3731 0
3732 0
3733 0
3734 21
3735 158
3736 4
3737 0
3738 9
3739 12
3740 6
3741 1079
3742 1
3743 55
3744 3587
3745 2273
3746 0
3747 0
3748 0
3749 0
3750 0
3751 0
3752 0
3753 161
3754 0
3755 0
3756 0
3757 0
3758 0
3759 2427
3760 279
3761 0
3762 0
3763 0
3764 0
3765 0
3766 0
3767 0
3768 356
3769 2805
3770 8
3771 0
3772 3365
3773 0
3774 0
3775 0
3776 343
3777 0
3778 4145
3779 0
3780 0
3781 0
3782 10
3783 0
3784 3999
3785 0
3786 11
3787 0
3788 0
3789 0
3790 0
3791 0
3792 83
3793 10
3794 0
3795 0
3796 0
3797 0
3798 0
3799 0
3800 18
3801 0
3802 2923
3803 0
3804 0
3805 178
3806 0
3807 1
3808 0
3809 0
3810 144
3811 13
3812 0
3813 0
3814 46
3815 74
3816 0
3817 104
3818 0
3819 588
3820 4
3821 23
3822 6
3823 0
3824 0
3825 0
3826 5
3827 0
3828 10
3829 0
3830 0
3831 0
3832 0
3833 4
3834 0
3835 0
3836 0
3837 0
3838 134
3839 0
3840 2
3841 0
3842 0
3843 4
3844 1321
3845 0
3846 0
3847 4
3848 0
3849 0
3850 589
3851 0
3852 0
3853 0
3854 31
3855 8
3856 0
3857 0
3858 0
3859 0
3860 0
3861 46
3862 0
3863 1
3864 10
3865 0
3866 0
3867 0
3868 271
3869 1444
3870 0
3871 1
3872 0
3873 0
3874 32
3875 0
3876 0
3877 0
3878 0
3879 6
3880 3623
3881 0
3882 21
3883 8
3884 0
3885 142
3886 0
3887 1
3888 6
3889 152
3890 0
3891 2606
3892 0
3893 0
3894 0
3895 0
3896 1090
3897 0
3898 168
3899 0
3900 0
3901 0
3902 0
3903 0
3904 0
3905 0
3906 0
3907 0
3908 20
3909 0
3910 0
3911 0
3912 64
3913 0
3914 69
3915 0
3916 0
3917 0
3918 183
3919 118
3920 1277
3921 0
3922 0
3923 0
3924 0
3925 21
3926 2781
3927 0
3928 0
3929 0
3930 37
3931 0
3932 0
3933 0
3934 0
3935 0
3936 299
3937 0
3938 0
3939 4
3940 3475
3941 276
3942 675
3943 0
3944 203
3945 0
3946 0
3947 0
3948 0
3949 0
3950 3
3951 1
3952 4
3953 0
3954 2
3955 0
3956 0
3957 0
3958 35
3959 0
3960 0
3961 0
3962 0
3963 0
3964 6
3965 8
3966 98
3967 0
3968 0
3969 773
3970 0
3971 0
3972 0
3973 5
3974 0
3975 0
3976 0
3977 211
3978 0
3979 0
3980 0
3981 0
3982 0
3983 0
3984 0
3985 0
3986 0
3987 0
3988 350
3989 0
3990 14
3991 0
3992 0
3993 0
3994 272
3995 2
3996 6
3997 0
3998 0
3999 0
4000 0
4001 0
4002 0
4003 0
4004 0
4005 0
4006 0
4007 0
4008 0
4009 0
4010 0
4011 0
4012 2488
4013 0
4014 25
4015 1
4016 0
4017 64
4018 7
4019 0
4020 0
4021 0
4022 0
4023 0
4024 0
4025 3891
4026 138
4027 0
4028 0
4029 474
4030 0
4031 11
4032 0
4033 52
4034 0
4035 0
4036 0
4037 0
4038 0
4039 3187
4040 0
4041 6
4042 22
4043 2
4044 1
4045 9
4046 0
4047 1343
4048 654
4049 5
4050 0
4051 0
4052 46
4053 1
4054 0
4055 650
4056 0
4057 1
4058 0
4059 36
4060 0
4061 6
4062 0
4063 899
4064 0
4065 3
4066 0
4067 0
4068 0
4069 0
4070 0
4071 0
4072 17
4073 0
4074 0
4075 522
4076 0
4077 0
4078 0
4079 115
4080 0
4081 131
4082 0
4083 0
4084 0
4085 0
4086 0
4087 0
4088 1
4089 125
4090 0
4091 0
4092 7
4093 0
4094 399
4095 2
4096 1
4097 0
4098 0
4099 0
4100 1230
4101 2
4102 0
4103 352
4104 0
4105 1032
4106 0
4107 1
4108 0
4109 0
4110 2
4111 870
4112 0
4113 0
4114 0
4115 0
4116 65
4117 0
4118 0
4119 0
4120 0
4121 0
4122 1
4123 0
4124 1
4125 0
4126 0
4127 0
4128 0
4129 0
4130 0
4131 9
4132 65
4133 0
4134 0
4135 1
4136 0
4137 9
4138 424
4139 0
4140 0
4141 0
4142 397
4143 0
4144 0
4145 1
4146 0
4147 10
4148 0
4149 0
4150 0
4151 1942
4152 0
4153 0
4154 1
4155 273
4156 0
4157 0
4158 0
4159 8
4160 7
4161 0
4162 369
4163 80
4164 3114
4165 1
4166 72
4167 0
4168 0
4169 0
4170 14
4171 1
4172 0
4173 0
4174 0
4175 0
4176 6
4177 1289
4178 0
4179 169
4180 0
4181 38
4182 0
4183 141
4184 13
4185 1
4186 330
4187 0
4188 0
4189 325
4190 0
4191 7
4192 837
4193 273
4194 1
4195 0
4196 0
4197 4
4198 0
4199 833
4200 0
4201 0
4202 0
4203 0
4204 0
4205 0
4206 3
4207 549
4208 6
4209 600
4210 0
4211 878
4212 12
4213 0
4214 3373
4215 0
4216 3171
4217 1472
4218 2
4219 413
4220 0
4221 12
4222 0
4223 0
4224 0
4225 3
4226 0
4227 0
4228 6
4229 0
4230 325
4231 74
4232 898
4233 0
4234 0
4235 0
4236 6
4237 16
4238 0
4239 0
4240 0
4241 0
4242 0
4243 0
4244 0
4245 0
4246 0
4247 0
4248 0
4249 3
4250 2
4251 0
4252 812
4253 35
4254 0
4255 0
4256 0
4257 1
4258 0
4259 3
4260 0
4261 5
4262 13
4263 4091
4264 0
4265 0
4266 213
4267 0
4268 0
4269 0
4270 16
4271 297
4272 0
4273 3
4274 1530
4275 0
4276 49
4277 5
4278 0
4279 278
4280 1
4281 0
4282 6
4283 0
4284 0
4285 248
4286 0
4287 293
4288 2
4289 670
4290 291
4291 1
4292 2
4293 60
4294 1455
4295 0
4296 0
4297 358
4298 0
4299 1410
4300 0
4301 276
4302 0
4303 0
4304 135
4305 0
4306 0
4307 0
4308 0
4309 170
4310 57
4311 0
4312 0
4313 0
4314 51
4315 0
4316 50
4317 0
4318 3
4319 0
4320 0
4321 0
4322 344
4323 0
4324 12
4325 2963
4326 0
4327 0
4328 0
4329 443
4330 0
4331 0
4332 0
4333 114
4334 0
4335 0
4336 128
4337 109
4338 0
4339 1
4340 9
4341 0
4342 0
4343 539
4344 0
4345 4
4346 0
4347 0
4348 1
4349 72
4350 1
4351 0
4352 1375
4353 259
4354 778
4355 0
4356 0
4357 0
4358 3176
4359 0
4360 1
4361 50
4362 340
4363 0
4364 0
4365 0
4366 0
4367 218
4368 0
4369 0
4370 0
4371 0
4372 0
4373 0
4374 0
4375 30
4376 0
4377 0
4378 0
4379 0
4380 0
4381 0
4382 7
4383 0
4384 0
4385 0
4386 112
4387 0
4388 0
4389 3
4390 0
4391 0
4392 9
4393 0
4394 0
4395 15
4396 0
4397 0
4398 0
4399 0
4400 0
4401 0
4402 0
4403 334
4404 129
4405 0
4406 0
4407 217
4408 0
4409 27
4410 0
4411 0
4412 0
4413 0
4414 2246
4415 1271
4416 210
4417 0
4418 733
4419 0
4420 0
4421 1921
4422 0
4423 0
4424 0
4425 0
4426 1374
4427 592
4428 0
4429 18
4430 2
4431 4
4432 2
4433 3
4434 0
4435 2
4436 142
4437 0
4438 15
4439 0
4440 0
4441 2
4442 0
4443 0
4444 0
4445 8
4446 3
4447 148
4448 31
4449 537
4450 0
4451 0
4452 0
4453 0
4454 711
4455 10
4456 265
4457 3794
4458 0
4459 49
4460 109
4461 0
4462 0
4463 4486
4464 0
4465 2038
4466 0
4467 0
4468 18
4469 0
4470 29
4471 226
4472 0
4473 36
4474 0
4475 0
4476 1
4477 0
4478 0
4479 1
4480 318
4481 0
4482 14
4483 0
4484 0
4485 0
4486 0
4487 0
4488 1
4489 0
4490 4
4491 0
4492 8
4493 0
4494 0
4495 0
4496 5
4497 0
4498 0
4499 0
4500 0
4501 0
4502 0
4503 1
4504 0
4505 340
4506 0
4507 0
4508 0
4509 0
4510 4
4511 0
4512 4
4513 119
4514 5
4515 0
4516 0
4517 1316
4518 0
4519 0
4520 0
4521 4185
4522 0
4523 10
4524 0
4525 36
4526 2
4527 2
4528 0
4529 0
4530 0
4531 0
4532 0
4533 1
4534 0
4535 0
4536 0
4537 0
4538 485
4539 40
4540 0
4541 29
4542 0
4543 5
4544 124
4545 1
4546 0
4547 0
4548 18
4549 0
4550 0
4551 0
4552 237
4553 0
4554 0
4555 0
4556 0
4557 14
4558 1
4559 0
4560 0
4561 856
4562 0
4563 0
4564 0
4565 39
4566 690
4567 64
4568 0
4569 1372
4570 0
4571 0
4572 60
4573 0
4574 0
4575 0
4576 78
4577 20
4578 0
4579 0
4580 0
4581 0
4582 92
4583 0
4584 0
4585 278
4586 3901
4587 0
4588 0
4589 69
4590 1
4591 0
4592 0
4593 0
4594 291
4595 0
4596 0
4597 0
4598 1
4599 0
4600 1826
4601 0
4602 10
4603 0
4604 234
4605 180
4606 22
4607 0
4608 0
4609 57
4610 8
4611 0
4612 3
4613 0
4614 0
4615 0
4616 0
4617 0
4618 1
4619 0
4620 0
4621 0
4622 0
4623 1
4624 18
4625 4
4626 0
4627 0
4628 0
4629 177
4630 0
4631 111
4632 9
4633 0
4634 0
4635 0
4636 5
4637 169
4638 30
4639 3
4640 2169
4641 0
4642 0
4643 0
4644 0
4645 0
4646 0
4647 16
4648 0
4649 0
4650 2
4651 0
4652 0
4653 525
4654 0
4655 0
4656 0
4657 1837
4658 0
4659 0
4660 1752
4661 0
4662 0
4663 0
4664 0
4665 0
4666 966
4667 1
4668 108
4669 3
4670 0
4671 0
4672 0
4673 0
4674 0
4675 0
4676 1
4677 0
4678 0
4679 0
4680 0
4681 1
4682 588
4683 0
4684 6
4685 0
4686 0
4687 2469
4688 0
4689 31
4690 83
4691 0
4692 4
4693 0
4694 243
4695 0
4696 138
4697 0
4698 4
4699 1
4700 1
4701 0
4702 0
4703 0
4704 1849
4705 1
4706 48
4707 0
4708 0
4709 0
4710 992
4711 0
4712 0
4713 0
4714 0
4715 0
4716 0
4717 381
4718 0
4719 2553
4720 280
4721 183
4722 64
4723 0
4724 1155
4725 1149
4726 11
4727 0
4728 0
4729 0
4730 0
4731 1
4732 3
4733 0
4734 7
4735 7
4736 0
4737 177
4738 0
4739 0
4740 250
4741 0
4742 1
4743 200
4744 0
4745 0
4746 0
4747 10
4748 0
4749 1917
4750 218
4751 33
4752 9
4753 0
4754 249
4755 0
4756 0
4757 171
4758 15
4759 806
4760 0
4761 0
4762 3756
4763 2591
4764 0
4765 2
4766 0
4767 94
4768 50
4769 0
4770 0
4771 0
4772 0
4773 0
4774 0
4775 343
4776 0
4777 0
4778 1
4779 0
4780 0
4781 0
4782 0
4783 2
4784 0
4785 0
4786 56
4787 0
4788 1538
4789 0
4790 0
4791 0
4792 3
4793 7
4794 0
4795 12
4796 0
4797 0
4798 1
4799 9
4800 23
4801 17
4802 69
4803 18
4804 0
4805 0
4806 2
4807 274
4808 0
4809 1
4810 0
4811 57
4812 0
4813 0
4814 81
4815 3151
4816 13
4817 1024
4818 0
4819 2738
4820 0
4821 4
4822 0
4823 465
4824 1
4825 0
4826 13
4827 2
4828 11
4829 1165
4830 0
4831 5
4832 772
4833 0
4834 0
4835 0
4836 0
4837 2502
4838 8
4839 0
4840 0
4841 228
4842 0
4843 0
4844 97
4845 0
4846 0
4847 179
4848 1025
4849 0
4850 5
4851 0
4852 0
4853 0
4854 2
4855 1090
4856 1
4857 19
4858 0
4859 0
4860 0
4861 0
4862 3
4863 10
4864 0
4865 0
4866 0
4867 0
4868 3610
4869 0
4870 8
4871 0
4872 0
4873 375
4874 0
4875 2047
4876 94
4877 0
4878 0
4879 0
4880 2
4881 0
4882 1635
4883 0
4884 1191
4885 0
4886 4
4887 0
4888 12
4889 29
4890 7
4891 0
4892 89
4893 381
4894 0
4895 0
4896 1911
4897 0
4898 0
4899 0
4900 0
4901 2
4902 0
4903 0
4904 0
4905 0
4906 0
4907 0
4908 1
4909 259
4910 0
4911 0
4912 0
4913 489
4914 0
4915 33
4916 0
4917 3
4918 2744
4919 0
4920 0
4921 0
4922 0
4923 0
4924 0
4925 64
4926 3
4927 0
4928 0
4929 3
4930 0
4931 2
4932 28
4933 0
4934 0
4935 1
4936 21
4937 0
4938 1
4939 0
4940 0
4941 2
4942 155
4943 52
4944 0
4945 17
4946 0
4947 1511
4948 0
4949 0
4950 1
4951 0
4952 0
4953 0
4954 1696
4955 0
4956 7
4957 0
4958 0
4959 0
4960 0
4961 0
4962 0
4963 7
4964 0
4965 3
4966 0
4967 71
4968 0
4969 0
4970 503
4971 0
4972 3619
4973 0
4974 4
4975 0
4976 0
4977 2
4978 0
4979 518
4980 0
4981 0
4982 3
4983 0
4984 33
4985 0
4986 0
4987 0
4988 795
4989 103
4990 0
4991 0
4992 0
4993 0
4994 0
4995 0
4996 892
4997 3471
4998 0
4999 0
5000 0
5001 0
5002 2
5003 0
5004 0
5005 0
5006 737
5007 3
5008 0
5009 0
5010 1504
5011 0
5012 0
5013 271
5014 79
5015 0
5016 15
5017 0
5018 0
5019 18
5020 6
5021 1
5022 0
5023 0
5024 0
5025 43
5026 0
5027 0
5028 0
5029 0
5030 0
5031 1
5032 22
5033 203
5034 559
5035 0
5036 0
5037 0
5038 10
5039 0
5040 0
5041 3255
5042 6
5043 0
5044 0
5045 40
5046 0
5047 0
5048 2326
5049 12
5050 0
5051 2
5052 141
5053 0
5054 0
5055 0
5056 1451
5057 486
5058 348
5059 0
5060 0
5061 0
5062 0
5063 0
5064 0
5065 9
5066 5
5067 0
5068 2
5069 0
5070 0
5071 2002
5072 0
5073 0
5074 21
5075 0
5076 0
5077 142
5078 0
5079 0
5080 0
5081 0
5082 0
5083 0
5084 10
5085 0
5086 0
5087 0
5088 22
5089 0
5090 223
5091 3
5092 0
5093 5
5094 0
5095 0
5096 58
5097 0
5098 12
5099 0
5100 0
5101 21
5102 1280
5103 0
5104 0
5105 0
5106 0
5107 0
5108 0
5109 0
5110 575
5111 0
5112 3
5113 1022
5114 0
5115 0
5116 1289
5117 2413
5118 45
5119 1287
5120 0
5121 4
5122 0
5123 0
5124 0
5125 0
5126 0
5127 0
5128 0
5129 253
5130 3767
5131 4290
5132 1
5133 0
5134 57
5135 0
5136 0
5137 0
5138 0
5139 0
5140 0
5141 278
5142 1
5143 0
5144 280
5145 20
5146 0
5147 8
5148 0
5149 0
5150 1
5151 0
5152 15
5153 0
5154 0
5155 0
5156 0
5157 0
5158 72
5159 0
5160 0
5161 34
5162 0
5163 0
5164 3
5165 0
5166 0
5167 0
5168 107
5169 8
5170 0
5171 0
5172 189
5173 0
5174 108
5175 0
5176 43
5177 392
5178 0
5179 1
5180 1566
5181 220
5182 14
5183 9
5184 691
5185 0
5186 0
5187 0
5188 147
5189 11
5190 0
5191 0
5192 0
5193 0
5194 0
5195 2
5196 0
5197 0
5198 11
5199 0
5200 0
5201 0
5202 0
5203 118
5204 164
5205 2
5206 5
5207 517
5208 581
5209 0
5210 38
5211 0
5212 22
5213 0
5214 1826
5215 538
5216 0
5217 415
5218 0
5219 1482
5220 0
5221 133
5222 0
5223 32
5224 2593
5225 0
5226 0
5227 0
5228 0
5229 0
5230 1
5231 0
5232 1
5233 0
5234 0
5235 0
5236 0
5237 0
5238 0
5239 0
5240 19
5241 163
5242 0
5243 141
5244 371
5245 1
5246 0
5247 0
5248 0
5249 3421
5250 0
5251 0
5252 429
5253 0
5254 704
5255 2
5256 159
5257 0
5258 0
5259 0
5260 0
5261 0
5262 143
5263 25
5264 0
5265 0
5266 0
5267 0
5268 0
5269 0
5270 0
5271 0
5272 7
5273 0
5274 0
5275 23
5276 0
5277 0
5278 0
5279 14
5280 0
5281 0
5282 1
5283 0
5284 0
5285 0
5286 0
5287 0
5288 199
5289 2
5290 0
5291 0
5292 155
5293 111
5294 0
5295 0
5296 0
5297 0
5298 0
5299 0
5300 0
5301 0
5302 17
5303 228
5304 179
5305 317
5306 0
5307 127
5308 0
5309 3
5310 2951
5311 1
5312 0
5313 0
5314 0
5315 904
5316 85
5317 0
5318 0
5319 2959
5320 0
5321 0
5322 0
5323 6
5324 3
5325 0
5326 413
5327 0
5328 0
5329 0
5330 0
5331 1
5332 0
5333 6
5334 826
5335 0
5336 0
5337 0
5338 0
5339 0
5340 0
5341 0
5342 0
5343 3
5344 0
5345 23
5346 1
5347 1
5348 0
5349 0
5350 0
5351 1
5352 671
5353 4
5354 0
5355 0
5356 0
5357 3017
5358 0
5359 0
5360 0
5361 3731
5362 0
5363 1783
5364 21
5365 3
5366 0
5367 1
5368 0
5369 0
5370 0
5371 0
5372 0
5373 1
5374 0
5375 0
5376 2
5377 0
5378 0
5379 0
5380 23
5381 0
5382 0
5383 0
5384 0
5385 0
5386 0
5387 0
5388 0
5389 92
5390 1
5391 2329
5392 0
5393 173
5394 0
5395 0
5396 10
5397 0
5398 0
5399 105
5400 0
5401 0
5402 0
5403 1
5404 0
5405 0
5406 0
5407 0
5408 3
5409 0
5410 17
5411 0
5412 131
5413 0
5414 4
5415 408
5416 0
5417 4
5418 15
5419 26
5420 0
5421 2566
5422 82
5423 6
5424 0
5425 0
5426 4056
5427 0
5428 0
5429 0
5430 1678
5431 0
5432 0
5433 2943
5434 0
5435 0
5436 0
5437 289
5438 0
5439 0
5440 44
5441 0
5442 1185
5443 4
5444 0
5445 0
5446 110
5447 1524
5448 8
5449 0
5450 0
5451 0
5452 0
5453 56
5454 0
5455 281
5456 0
5457 0
5458 22
5459 4330
5460 0
5461 82
5462 2
5463 0
5464 466
5465 1
5466 0
5467 0
5468 0
5469 0
5470 179
5471 1739
5472 60
5473 0
5474 273
5475 1152
5476 0
5477 0
5478 0
5479 25
5480 38
5481 0
5482 70
5483 1
5484 0
5485 0
5486 97
5487 0
5488 8
5489 0
5490 0
5491 0
5492 29
5493 0
5494 0
5495 0
5496 0
5497 0
5498 0
5499 3
5500 0
5501 0
5502 0
5503 0
5504 0
5505 2690
5506 0
5507 79
5508 997
5509 7
5510 0
5511 0
5512 3926
5513 1
5514 0
5515 0
5516 0
5517 53
5518 2907
5519 0
5520 0
5521 0
5522 0
5523 0
5524 0
5525 1020
5526 0
5527 0
5528 3369
5529 0
5530 0
5531 266
5532 0
5533 0
5534 0
5535 676
5536 0
5537 0
5538 11
5539 6
5540 1
5541 33
5542 0
5543 0
5544 0
5545 0
5546 0
5547 0
5548 0
5549 5
5550 0
5551 5
5552 8
5553 0
5554 0
5555 6
5556 519
5557 0
5558 120
5559 0
5560 0
5561 1644
5562 65
5563 101
5564 1389
5565 5
5566 48
5567 1
5568 3
5569 0
5570 4
5571 234
5572 24
5573 3059
5574 0
5575 0
5576 9
5577 0
5578 0
5579 0
5580 0
5581 400
5582 0
5583 3649
5584 0
5585 0
5586 0
5587 145
5588 0
5589 0
5590 4
5591 0
5592 0
5593 0
5594 1
5595 0
5596 0
5597 84
5598 0
5599 0
5600 1
5601 0
5602 0
5603 0
5604 0
5605 0
5606 31
5607 0
5608 0
5609 0
5610 0
5611 0
5612 4
5613 0
5614 2
5615 0
5616 0
5617 0
5618 0
5619 574
5620 405
5621 0
5622 2816
5623 4490
5624 0
5625 10
5626 0
5627 72
5628 0
5629 0
5630 0
5631 35
5632 0
5633 0
5634 35
5635 0
5636 4
5637 40
5638 53
5639 0
5640 22
5641 0
5642 0
5643 0
5644 2
5645 0
5646 0
5647 0
5648 0
5649 0
5650 22
5651 2
5652 7
5653 3
5654 7
5655 0
5656 894
5657 0
5658 2305
5659 157
5660 60
5661 12
5662 2711
5663 0
5664 0
5665 0
5666 3
5667 1482
5668 0
5669 739
5670 0
5671 53
5672 0
5673 0
5674 0
5675 0
5676 85
5677 5
5678 2933
5679 1556
5680 222
5681 0
5682 0
5683 231
5684 2
5685 0
5686 1183
5687 16
5688 0
5689 0
5690 0
5691 73
5692 427
5693 0
5694 0
5695 2730
5696 0
5697 239
5698 0
5699 290
5700 0
5701 207
5702 2
5703 0
5704 4
5705 106
5706 0
5707 0
5708 0
5709 0
5710 29
5711 180
5712 1
5713 0
5714 0
5715 0
5716 47
5717 0
5718 206
5719 0
5720 57
5721 3077
5722 0
5723 0
5724 0
5725 0
5726 0
5727 1
5728 0
5729 46
5730 0
5731 0
5732 2148
5733 0
5734 162
5735 14
5736 0
5737 0
5738 0
5739 0
5740 0
5741 0
5742 0
5743 0
5744 0
5745 0
5746 0
5747 0
5748 2
5749 0
5750 0
5751 190
5752 0
5753 2
5754 0
5755 0
5756 0
5757 0
5758 0
5759 1014
5760 71
5761 0
5762 371
5763 0
5764 81
5765 0
5766 0
5767 0
5768 0
5769 1
5770 1
5771 0
5772 0
5773 40
5774 1
5775 0
5776 0
5777 0
5778 0
5779 1
5780 0
5781 0
5782 0
5783 3484
5784 0
5785 0
5786 0
5787 149
5788 0
5789 1
5790 1
5791 0
5792 0
5793 19
5794 0
5795 0
5796 1039
5797 1939
5798 97
5799 1
5800 0
5801 1367
5802 0
5803 0
5804 3
5805 0
5806 2
5807 0
5808 0
5809 1
5810 10
5811 170
5812 2746
5813 0
5814 0
5815 0
5816 426
5817 1237
5818 0
5819 0
5820 0
5821 0
5822 0
5823 0
5824 2
5825 214
5826 2
5827 1
5828 1
5829 6
5830 0
5831 1
5832 0
5833 0
5834 10
5835 3481
5836 0
5837 0
5838 0
5839 0
5840 0
5841 84
5842 292
5843 0
5844 802
5845 0
5846 0
5847 0
5848 2
5849 0
5850 938
5851 51
5852 0
5853 0
5854 207
5855 0
5856 0
5857 0
5858 0
5859 0
5860 2
5861 0
5862 2
5863 169
5864 0
5865 0
5866 0
5867 0
5868 0
5869 1
5870 0
5871 0
5872 0
5873 0
5874 0
5875 1
5876 0
5877 5
5878 0
5879 2
5880 0
5881 0
5882 0
5883 0
5884 1009
5885 1824
5886 0
5887 10
5888 443
5889 0
5890 0
5891 5
5892 3
5893 0
5894 0
5895 10
5896 0
5897 0
5898 0
5899 0
5900 34
5901 364
5902 0
5903 0
5904 47
5905 40
5906 0
5907 118
5908 0
5909 0
5910 206
5911 1049
5912 360
5913 1
5914 0
5915 1
5916 1
5917 11
5918 0
5919 695
5920 0
5921 0
5922 0
5923 0
5924 0
5925 0
5926 0
5927 2820
5928 608
5929 0
5930 0
5931 0
5932 0
5933 0
5934 3928
5935 0
5936 0
5937 0
5938 2037
5939 0
5940 1285
5941 0
5942 1
5943 0
5944 0
5945 0
5946 0
5947 0
5948 1634
5949 2
5950 0
5951 816
5952 0
5953 4
5954 45
5955 0
5956 3619
5957 0
5958 0
5959 0
5960 0
5961 0
5962 0
5963 29
5964 0
5965 0
5966 0
5967 0
5968 36
5969 28
5970 2
5971 1
5972 215
5973 30
5974 0
5975 23
5976 425
5977 0
5978 342
5979 0
5980 0
5981 7
5982 0
5983 14
5984 313
5985 0
5986 0
5987 0
5988 0
5989 601
5990 127
5991 2092
5992 0
5993 65
5994 0
5995 299
5996 0
5997 6
5998 0
5999 0
6000 0
6001 0
6002 1
6003 4365
6004 0
6005 0
6006 3643
6007 3
6008 0
6009 0
6010 8
6011 0
6012 2
6013 8
6014 178
6015 0
6016 0
6017 5
6018 0
6019 0
6020 0
6021 0
6022 0
6023 8
6024 0
6025 1
6026 0
6027 0
6028 28
6029 0
6030 0
6031 0
6032 0
6033 0
6034 0
6035 370
6036 3181
6037 11
6038 0
6039 0
6040 27
6041 21
6042 0
6043 0
6044 3713
6045 0
6046 84
6047 81
6048 0
6049 0
6050 22
6051 0
6052 0
6053 0
6054 0
6055 0
6056 0
6057 0
6058 1
6059 11
6060 310
6061 0
6062 0
6063 3
6064 0
6065 0
6066 0
6067 0
6068 0
6069 1922
6070 0
6071 0
6072 0
6073 0
6074 0
6075 6
6076 187
6077 14
6078 0
6079 19
6080 0
6081 1100
6082 1
6083 2
6084 0
6085 15
6086 0
6087 4092
6088 0
6089 36
6090 0
6091 3360
6092 0
6093 0
6094 0
6095 59
6096 0
6097 12
6098 0
6099 0
6100 0
6101 0
6102 0
6103 0
6104 0
6105 0
6106 0
6107 1481
6108 0
6109 46
6110 0
6111 1569
6112 81
6113 0
6114 0
6115 0
6116 0
6117 0
6118 0
6119 0
6120 0
6121 0
6122 0
6123 0
6124 322
6125 2
6126 0
6127 620
6128 0
6129 0
6130 0
6131 3
6132 7
6133 2441
6134 2
6135 0
6136 0
6137 3
6138 0
6139 0
6140 42
6141 0
6142 1
6143 0
6144 245
6145 0
6146 2932
6147 72
6148 0
6149 1079
6150 8
6151 2
6152 91
6153 0
6154 0
6155 0
6156 239
6157 0
6158 512
6159 0
6160 0
6161 0
6162 0
6163 1267
6164 142
6165 1
6166 634
6167 0
6168 1
6169 0
6170 0
6171 0
6172 0
6173 0
6174 13
6175 94
6176 0
6177 0
6178 0
6179 5
6180 0
6181 361
6182 0
6183 0
6184 149
6185 270
6186 141
6187 3652
6188 0
6189 1
6190 0
6191 2
6192 92
6193 0
6194 0
6195 1
6196 0
6197 2
6198 0
6199 0
6200 0
6201 0
6202 3128
6203 1
6204 0
6205 9
6206 0
6207 0
6208 0
6209 0
6210 2419
6211 0
6212 51
6213 0
6214 406
6215 0
6216 0
6217 14
6218 0
6219 0
6220 0
6221 1
6222 0
6223 0
6224 0
6225 369
6226 24
6227 870
6228 217
6229 0
6230 4
6231 0
6232 0
6233 0
6234 0
6235 1413
6236 0
6237 0
6238 0
6239 0
6240 0
6241 73
6242 0
6243 0
6244 11
6245 3
6246 0
6247 1
6248 0
6249 0
6250 0
6251 0
6252 11
6253 0
6254 28
6255 0
6256 858
6257 0
6258 0
6259 0
6260 0
6261 5
6262 166
6263 35
6264 17
6265 128
6266 0
6267 0
6268 7
6269 0
6270 0
6271 0
6272 0
6273 0
6274 0
6275 839
6276 0
6277 0
6278 0
6279 0
6280 0
6281 394
6282 0
6283 0
6284 1040
6285 2
6286 0
6287 300
6288 114
6289 3
6290 1
6291 0
6292 0
6293 0
6294 0
6295 0
6296 0
6297 49
6298 0
6299 0
6300 0
6301 0
6302 0
6303 275
6304 0
6305 1116
6306 0
6307 180
6308 0
6309 712
6310 0
6311 0
6312 7
6313 52
6314 0
6315 0
6316 0
6317 0
6318 0
6319 68
6320 0
6321 2
6322 387
6323 1135
6324 0
6325 0
6326 0
6327 0
6328 0
6329 236
6330 0
6331 3015
6332 0
6333 0
6334 0
6335 0
6336 0
6337 973
6338 869
6339 0
6340 0
6341 0
6342 13
6343 65
6344 34
6345 0
6346 0
6347 0
6348 0
6349 36
6350 0
6351 285
6352 111
6353 0
6354 0
6355 0
6356 0
6357 0
6358 1
6359 0
6360 2720
6361 1488
6362 3
6363 0
6364 171
6365 4
6366 0
6367 0
6368 0
6369 417
6370 0
6371 0
6372 0
6373 3902
6374 0
6375 0
6376 7
6377 1
6378 0
6379 0
6380 0
6381 0
6382 20
6383 210
6384 0
6385 0
6386 0
6387 3396
6388 84
6389 0
6390 12
6391 0
6392 0
6393 119
6394 14
6395 0
6396 126
6397 25
6398 1414
6399 2896
6400 0
6401 0
6402 145
6403 0
6404 0
6405 0
6406 0
6407 0
6408 0
6409 4
6410 0
6411 0
6412 0
6413 528
6414 0
6415 8
6416 0
6417 2
6418 0
6419 106
6420 0
6421 532
6422 0
6423 71
6424 0
6425 0
6426 0
6427 0
6428 0
6429 0
6430 15
6431 0
6432 0
6433 0
6434 7
6435 8
6436 3
6437 0
6438 0
6439 0
6440 1
6441 294
6442 0
6443 815
6444 0
6445 0
6446 0
6447 0
6448 1489
6449 0
6450 308
6451 21
6452 0
6453 15
6454 13
6455 1
6456 325
6457 1
6458 2
6459 0
6460 1529
6461 0
6462 10
6463 0
6464 1
6465 0
6466 0
6467 1678
6468 1
6469 783
6470 0
6471 0
6472 1
6473 1
6474 4039
6475 0
6476 0
6477 0
6478 167
6479 0
6480 0
6481 4383
6482 11
6483 0
6484 0
6485 4489
6486 0
6487 264
6488 0
6489 0
6490 1
6491 491
6492 58
6493 0
6494 0
6495 8
6496 0
6497 0
6498 0
6499 0
6500 0
6501 0
6502 0
6503 0
6504 1
6505 64
6506 0
6507 1
6508 0
6509 0
6510 879
6511 13
6512 0
6513 0
6514 0
6515 2
6516 0
6517 0
6518 0
6519 0
6520 21
6521 0
6522 28
6523 0
6524 1
6525 0
6526 0
6527 0
6528 0
6529 0
6530 4
6531 1
6532 291
6533 1
6534 12
6535 26
6536 0
6537 0
6538 0
6539 2863
6540 46
6541 0
6542 2504
6543 1023
6544 1
6545 3
6546 1
6547 0
6548 0
6549 0
6550 0
6551 5
6552 0
6553 35
6554 0
6555 0
6556 1
6557 0
6558 0
6559 0
6560 0
6561 0
6562 0
6563 86
6564 190
6565 0
6566 2
6567 0
6568 0
6569 0
6570 0
6571 0
6572 1
6573 0
6574 0
6575 656
6576 0
6577 1760
6578 3
6579 1121
6580 0
6581 7
6582 1
6583 27
6584 135
6585 0
6586 1044
6587 0
6588 10
6589 591
6590 1
6591 2
6592 0
6593 0
6594 71
6595 0
6596 311
6597 0
6598 1
6599 0
6600 0
6601 0
6602 123
6603 0
6604 12
6605 0
6606 583
6607 0
6608 429
6609 2
6610 3
6611 94
6612 0
6613 0
6614 165
6615 2
6616 0
6617 0
6618 3
6619 0
6620 0
6621 0
6622 0
6623 0
6624 0
6625 0
6626 15
6627 0
6628 0
6629 0
6630 0
6631 0
6632 87
6633 0
6634 0
6635 0
6636 3
6637 1813
6638 143
6639 0
6640 0
6641 23
6642 792
6643 0
6644 0
6645 0
6646 0
6647 8
6648 0
6649 0
6650 0
6651 0
6652 0
6653 0
6654 0
6655 0
6656 0
6657 0
6658 3071
6659 0
6660 0
6661 520
6662 0
6663 0
6664 2081
6665 0
6666 0
6667 48
6668 0
6669 2
6670 0
6671 0
6672 4
6673 0
6674 0
6675 871
6676 9
6677 27
6678 72
6679 507
6680 0
6681 3
6682 2
6683 0
6684 0
6685 0
6686 1
6687 2
6688 0
6689 7
6690 1832
6691 0
6692 0
6693 1
6694 0
6695 0
6696 1028
6697 4
6698 263
6699 0
6700 0
6701 0
6702 0
6703 188
6704 0
6705 35
6706 0
6707 2
6708 79
6709 0
6710 341
6711 289
6712 1117
6713 0
6714 3
6715 9
6716 0
6717 1864
6718 0
6719 40
6720 0
6721 486
6722 0
6723 0
6724 0
6725 58
6726 0
6727 0
6728 0
6729 0
6730 0
6731 0
6732 0
6733 0
6734 5
6735 1
6736 6
6737 0
6738 0
6739 1
6740 364
6741 0
6742 0
6743 0
6744 0
6745 0
6746 1
6747 2914
6748 0
6749 0
6750 0
6751 0
6752 503
6753 1422
6754 580
6755 39
6756 1833
6757 0
6758 0
6759 0
6760 3
6761 0
6762 0
6763 0
6764 97
6765 16
6766 0
6767 0
6768 0
6769 373
6770 0
6771 0
6772 0
6773 0
6774 1
6775 4
6776 26
6777 0
6778 0
6779 0
6780 0
6781 0
6782 3
6783 0
6784 0
6785 0
6786 0
6787 21
6788 0
6789 0
6790 0
6791 0
6792 596
6793 0
6794 0
6795 41
6796 11
6797 0
6798 0
6799 0
6800 89
6801 42
6802 0
6803 0
6804 0
6805 0
6806 87
6807 150
6808 0
6809 0
6810 1200
6811 0
6812 1044
6813 0
6814 0
6815 0
6816 0
6817 0
6818 0
6819 91
6820 0
6821 85
6822 33
6823 43
6824 0
6825 2
6826 1533
6827 0
6828 0
6829 1944
6830 0
6831 0
6832 0
6833 16
6834 580
6835 1752
6836 1149
6837 0
6838 3068
6839 0
6840 0
6841 230
6842 0
6843 0
6844 0
6845 0
6846 8
6847 0
6848 360
6849 0
6850 4
6851 17
6852 0
6853 0
6854 0
6855 0
6856 0
6857 0
6858 0
6859 0
6860 0
6861 0
6862 0
6863 2347
6864 0
6865 0
6866 1
6867 0
6868 0
6869 0
6870 0
6871 27
6872 0
6873 0
6874 0
6875 106
6876 0
6877 0
6878 3
6879 0
6880 0
6881 1
6882 0
6883 0
6884 5
6885 38
6886 443
6887 604
6888 760
6889 0
6890 108
6891 0
6892 0
6893 0
6894 0
6895 0
6896 0
6897 0
6898 0
6899 0
6900 1
6901 0
6902 0
6903 0
6904 2571
6905 3
6906 0
6907 0
6908 0
6909 0
6910 239
6911 0
6912 0
6913 29
6914 0
6915 491
6916 0
6917 1
6918 0
6919 0
6920 0
6921 578
6922 0
6923 61
6924 71
6925 4
6926 0
6927 3
6928 442
6929 0
6930 191
6931 12
6932 3
6933 16
6934 0
6935 0
6936 0
6937 1939
6938 175
6939 0
6940 3969
6941 17
6942 0
6943 0
6944 0
6945 809
6946 223
6947 0
6948 54
6949 0
6950 5
6951 15
6952 0
6953 1602
6954 63
6955 3
6956 0
6957 0
6958 0
6959 3
6960 0
6961 0
6962 0
6963 0
6964 0
6965 1829
6966 1
6967 63
6968 26
6969 0
6970 2
6971 0
6972 1850
6973 0
6974 0
6975 0
6976 0
6977 0
6978 0
6979 0
6980 0
6981 0
6982 0
6983 0
6984 0
6985 20
6986 0
6987 348
6988 0
6989 0
6990 0
6991 0
6992 124
6993 0
6994 1579
6995 0
6996 0
6997 0
6998 0
6999 59
7000 384
7001 4
7002 1
7003 0
7004 183
7005 2007
7006 15
7007 2990
7008 0
7009 0
7010 289
7011 0
7012 0
7013 32
7014 0
7015 6
7016 0
7017 95
7018 362
7019 2
7020 0
7021 0
7022 0
7023 0
7024 0
7025 0
7026 0
7027 3960
7028 1
7029 0
7030 0
7031 0
7032 554
7033 0
7034 0
7035 153
7036 0
7037 0
7038 0
7039 0
7040 2180
7041 3165
7042 0
7043 1
7044 0
7045 12
7046 0
7047 0
7048 5
7049 0
7050 378
7051 0
7052 3
7053 11
7054 0
7055 35
7056 0
7057 0
7058 4225
7059 26
7060 0
7061 147
7062 29
7063 0
7064 249
7065 1
7066 14
7067 0
7068 0
7069 0
7070 0
7071 0
7072 142
7073 0
7074 2
7075 7
7076 193
7077 0
7078 1
7079 8
7080 0
7081 1
7082 3688
7083 175
7084 0
7085 0
7086 164
7087 2028
7088 0
7089 0
7090 4
7091 180
7092 1416
7093 30
7094 42
7095 42
7096 0
7097 11
7098 0
7099 0
7100 0
7101 0
7102 0
7103 173
7104 0
7105 0
7106 3
7107 990
7108 0
7109 17
7110 0
7111 64
7112 0
7113 0
7114 0
7115 0
7116 555
7117 1
7118 0
7119 332
7120 0
7121 2
7122 3
7123 4029
7124 0
7125 0
7126 63
7127 1
7128 380
7129 72
7130 4367
7131 1
7132 0
7133 3
7134 12
7135 0
7136 1242
7137 1
7138 1
7139 0
7140 0
7141 0
7142 83
7143 684
7144 0
7145 1
7146 2
7147 0
7148 0
7149 56
7150 1736
7151 351
7152 0
7153 2413
7154 1714
7155 2
7156 129
7157 0
7158 0
7159 0
7160 2678
7161 0
7162 1
7163 0
7164 0
7165 0
7166 0
7167 0
7168 3
7169 521
7170 76
7171 824
7172 124
7173 2
7174 0
7175 9
7176 0
7177 0
7178 0
7179 0
7180 3
7181 0
7182 37
7183 2123
7184 2084
7185 0
7186 1
7187 0
7188 0
7189 0
7190 0
7191 0
7192 0
7193 0
7194 0
7195 0
7196 477
7197 14
7198 1
7199 0
7200 135
7201 0
7202 0
7203 0
7204 0
7205 1
7206 0
7207 0
7208 0
7209 0
7210 0
7211 0
7212 0
7213 0
7214 0
7215 0
7216 4326
7217 453
7218 0
7219 0
7220 3
7221 2
7222 69
7223 20
7224 0
7225 0
7226 569
7227 137
7228 0
7229 0
7230 0
7231 0
7232 0
7233 0
7234 0
7235 1
7236 0
7237 189
7238 0
7239 0
7240 0
7241 0
7242 0
7243 8
7244 0
7245 75
7246 0
7247 0
7248 0
7249 16
7250 338
7251 0
7252 242
7253 93
7254 0
7255 0
7256 83
7257 0
7258 3
7259 0
7260 2
7261 0
7262 0
7263 77
7264 0
7265 460
7266 0
7267 0
7268 0
7269 0
7270 553
7271 1812
7272 0
7273 90
7274 0
7275 0
7276 0
7277 0
7278 0
7279 0
7280 3633
7281 0
7282 5
7283 8
7284 169
7285 5
7286 3354
7287 0
7288 0
7289 22
7290 0
7291 4308
7292 0
7293 1
7294 0
7295 0
7296 0
7297 0
7298 0
7299 236
7300 1
7301 394
7302 0
7303 0
7304 268
7305 1
7306 3
7307 5
7308 2786
7309 8
7310 287
7311 0
7312 0
7313 1580
7314 2689
7315 2
7316 0
7317 0
7318 80
7319 122
7320 0
7321 0
7322 0
7323 0
7324 0
7325 13
7326 0
7327 0
7328 0
7329 98
7330 0
7331 0
7332 0
7333 8
7334 31
7335 0
7336 0
7337 9
7338 0
7339 0
7340 0
7341 0
7342 403
7343 0
7344 0
7345 0
7346 3101
7347 30
7348 14
7349 0
7350 5
7351 19
7352 1896
7353 2
7354 1213
7355 52
7356 0
7357 2544
7358 5
7359 5
7360 0
7361 0
7362 0
7363 3028
7364 0
7365 0
7366 1616
7367 4098
7368 0
7369 1
7370 0
7371 14
7372 3202
7373 0
7374 0
7375 0
7376 2
7377 0
7378 10
7379 3
7380 0
7381 0
7382 0
7383 0
7384 0
7385 0
7386 0
7387 0
7388 218
7389 115
7390 0
7391 80
7392 0
7393 0
7394 586
7395 0
7396 0
7397 5
7398 1
7399 0
7400 3
7401 24
7402 1
7403 0
7404 1
7405 0
7406 0
7407 0
7408 1360
7409 0
7410 0
7411 0
7412 0
7413 0
7414 3
7415 0
7416 0
7417 229
7418 0
7419 0
7420 59
7421 0
7422 0
7423 0
7424 77
7425 0
7426 0
7427 2094
7428 0
7429 0
7430 259
7431 0
7432 2
7433 56
7434 404
7435 0
7436 0
7437 0
7438 507
7439 0
7440 0
7441 17
7442 0
7443 0
7444 41
7445 0
7446 0
7447 0
7448 0
7449 15
7450 26
7451 0
7452 65
7453 1336
7454 0
7455 0
7456 1
7457 0
7458 0
7459 0
7460 0
7461 332
7462 0
7463 0
7464 0
7465 0
7466 0
7467 0
7468 0
7469 0
7470 0
7471 0
7472 0
7473 564
7474 2168
7475 46
7476 13
7477 1
7478 0
7479 0
7480 0
7481 4
7482 324
7483 0
7484 0
7485 0
7486 274
7487 0
7488 480
7489 0
7490 12
7491 1
7492 0
7493 0
7494 0
7495 0
7496 0
7497 141
7498 0
7499 1
7500 0
7501 5
7502 0
7503 0
7504 2
7505 5
7506 0
7507 23
7508 0
7509 0
7510 0
7511 22
7512 0
7513 12
7514 3178
7515 1156
7516 0
7517 2
7518 0
7519 0
7520 0
7521 0
7522 0
7523 0
7524 0
7525 4
7526 83
7527 0
7528 1520
7529 0
7530 172
7531 0
7532 0
7533 103
7534 0
7535 0
7536 0
7537 1354
7538 0
7539 0
7540 32
7541 1266
7542 0
7543 9
7544 44
7545 233
7546 0
7547 52
7548 1
7549 0
7550 0
7551 0
7552 2
7553 0
7554 0
7555 0
7556 1298
7557 0
7558 0
7559 0
7560 823
7561 0
7562 2
7563 0
7564 0
7565 0
7566 582
7567 108
7568 856
7569 14
7570 0
7571 0
7572 0
7573 7
7574 2488
7575 0
7576 0
7577 220
7578 0
7579 0
7580 183
7581 0
7582 6
7583 0
7584 0
7585 143
7586 0
7587 140
7588 0
7589 5
7590 0
7591 1
7592 14
7593 1935
7594 29
7595 0
7596 0
7597 0
7598 0
7599 4419
7600 0
7601 0
7602 0
7603 0
7604 1499
7605 0
7606 0
7607 600
7608 5
7609 2
7610 1027
7611 0
7612 73
7613 0
7614 330
7615 0
7616 22
7617 0
7618 3310
7619 0
7620 0
7621 212
7622 26
7623 2
7624 0
7625 1450
7626 0
7627 0
7628 94
7629 1719
7630 0
7631 2
7632 77
7633 333
7634 608
7635 0
7636 0
7637 17
7638 0
7639 0
7640 36
7641 0
7642 0
7643 9
7644 0
7645 0
7646 10
7647 14
7648 0
7649 0
7650 69
7651 2
7652 0
7653 0
7654 0
7655 0
7656 0
7657 0
7658 0
7659 0
7660 13
7661 0
7662 22
7663 0
7664 2782
7665 0
7666 1645
7667 1
7668 0
7669 2428
7670 0
7671 1455
7672 0
7673 0
7674 1492
7675 0
7676 1
7677 2468
7678 938
7679 3
7680 0
7681 0
7682 2
7683 673
7684 2
7685 3516
7686 0
7687 49
7688 0
7689 0
7690 0
7691 0
7692 0
7693 0
7694 8
7695 0
7696 5
7697 0
7698 0
7699 0
7700 8
7701 0
7702 1
7703 0
7704 379
7705 0
7706 10
7707 1803
7708 0
7709 0
7710 128
7711 4277
7712 6
7713 0
7714 0
7715 0
7716 0
7717 0
7718 2046
7719 0
7720 1276
7721 0
7722 1
7723 9
7724 0
7725 2429
7726 0
7727 0
7728 0
7729 0
7730 4
7731 2
7732 0
7733 0
7734 195
7735 2043
7736 0
7737 0
7738 0
7739 0
7740 0
7741 0
7742 1
7743 0
7744 0
7745 1802
7746 0
7747 0
7748 0
7749 6
7750 0
7751 46
7752 0
7753 53
7754 0
7755 2054
7756 0
7757 117
7758 0
7759 26
7760 0
7761 7
7762 695
7763 0
7764 2381
7765 0
7766 20
7767 16
7768 0
7769 0
7770 0
7771 0
7772 0
7773 2
7774 3570
7775 1142
7776 8
7777 2
7778 0
7779 51
7780 0
7781 88
7782 1099
7783 0
7784 0
7785 160
7786 0
7787 0
7788 0
7789 1
7790 1
7791 18
7792 2
7793 0
7794 0
7795 77
7796 678
7797 0
7798 0
7799 359
7800 322
7801 0
7802 397
7803 0
7804 0
7805 0
7806 0
7807 3264
7808 0
7809 0
7810 0
7811 0
7812 0
7813 0
7814 0
7815 0
7816 0
7817 2334
7818 22
7819 0
7820 2279
7821 147
7822 158
7823 0
7824 0
7825 0
7826 2789
7827 1
7828 0
7829 0
7830 0
7831 0
7832 0
7833 0
7834 0
7835 0
7836 0
7837 0
7838 3
7839 2
7840 0
7841 0
7842 19
7843 0
7844 0
7845 0
7846 1
7847 0
7848 0
7849 0
7850 0
7851 13
7852 1
7853 0
7854 0
7855 0
7856 0
7857 1
7858 592
7859 0
7860 2256
7861 0
7862 37
7863 2029
7864 0
7865 0
7866 8
7867 0
7868 0
7869 5
7870 606
7871 34
7872 2383
7873 0
7874 0
7875 34
7876 2
7877 0
7878 0
7879 0
7880 0
7881 183
7882 22
7883 5
7884 0
7885 0
7886 0
7887 0
7888 0
7889 35
7890 1
7891 0
7892 0
7893 1
7894 86
7895 1
7896 206
7897 2
7898 0
7899 4
7900 0
7901 18
7902 0
7903 247
7904 1181
7905 0
7906 1
7907 2
7908 3351
7909 0
7910 0
7911 0
7912 0
7913 0
7914 0
7915 7
7916 3
7917 574
7918 727
7919 40
7920 0
7921 0
7922 0
7923 0
7924 8
7925 0
7926 288
7927 0
7928 0
7929 0
7930 339
7931 0
7932 15
7933 47
7934 0
7935 0
7936 0
7937 3
7938 0
7939 0
7940 4
7941 0
7942 0
7943 790
7944 134
7945 0
7946 154
7947 693
7948 18
7949 0
7950 0
7951 0
7952 258
7953 2445
7954 0
7955 0
7956 0
7957 112
7958 0
7959 76
7960 33
7961 0
7962 0
7963 0
7964 0
7965 10
7966 0
7967 0
7968 0
7969 0
7970 198
7971 294
7972 0
7973 0
7974 18
7975 0
7976 6
7977 8
7978 0
7979 0
7980 38
7981 13
7982 0
7983 0
7984 0
7985 0
7986 0
7987 13
7988 0
7989 0
7990 1
7991 0
7992 705
7993 0
7994 0
7995 0
7996 0
7997 0
7998 0
7999 0
8000 92
8001 0
8002 76
8003 0
8004 0
8005 4
8006 0
8007 713
8008 1805
8009 0
8010 343
8011 222
8012 2812
8013 1
8014 0
8015 15
8016 6
8017 0
8018 0
8019 0
8020 3712
8021 9
8022 4
8023 552
8024 0
8025 0
8026 9
8027 7
8028 0
8029 0
8030 1
8031 1
8032 0
8033 0
8034 0
8035 0
8036 0
8037 0
8038 6
8039 0
8040 0
8041 287
8042 1
8043 5
8044 9
8045 0
8046 0
8047 0
8048 0
8049 31
8050 5
8051 45
8052 0
8053 8
8054 1
8055 0
8056 0
8057 0
8058 1
8059 0
8060 164
8061 0
8062 332
8063 2
8064 0
8065 0
8066 1128
8067 21
8068 0
8069 0
8070 0
8071 0
8072 1
8073 0
8074 0
8075 80
8076 800
8077 0
8078 0
8079 0
8080 0
8081 2
8082 0
8083 80
8084 0
8085 64
8086 0
8087 0
8088 0
8089 1913
8090 1
8091 0
8092 21
8093 3370
8094 391
8095 8
8096 0
8097 0
8098 0
8099 0
8100 1
8101 0
8102 15
8103 1708
8104 1
8105 0
8106 0
8107 0
8108 89
8109 67
8110 210
8111 846
8112 2
8113 2
8114 0
8115 1423
8116 0
8117 0
8118 0
8119 1
8120 117
8121 9
8122 404
8123 0
8124 0
8125 0
8126 5
8127 0
8128 0
8129 477
8130 1
8131 0
8132 2941
8133 930
8134 199
8135 0
8136 27
8137 130
8138 0
8139 0
8140 71
8141 1
8142 0
8143 0
8144 0
8145 9
8146 0
8147 1
8148 1670
8149 1244
8150 1
8151 30
8152 0
8153 0
8154 8
8155 0
8156 22
8157 0
8158 0
8159 9
8160 507
8161 0
8162 2526
8163 0
8164 0
8165 0
8166 0
8167 0
8168 0
8169 448
8170 0
8171 0
8172 0
8173 0
8174 1179
8175 79
8176 0
8177 60
8178 198
8179 373
8180 0
8181 0
8182 0
8183 0
8184 28
8185 0
8186 0
8187 0
8188 0
8189 0
8190 3
8191 153
8192 0
8193 0
8194 0
8195 1
8196 0
8197 0
8198 0
8199 834
8200 14
8201 97
8202 0
8203 1
8204 76
8205 27
8206 0
8207 0
8208 0
8209 0
8210 8
8211 0
8212 0
8213 0
8214 0
8215 0
8216 1415
8217 0
8218 0
8219 2774
8220 0
8221 0
8222 1
8223 0
8224 2951
8225 335
8226 0
8227 0
8228 367
8229 0
8230 0
8231 1
8232 0
8233 0
8234 0
8235 110
8236 2
8237 0
8238 0
8239 0
8240 8
8241 0
8242 1
8243 0
8244 0
8245 4
8246 0
8247 0
8248 0
8249 2375
8250 0
8251 0
8252 859
8253 0
8254 0
8255 0
8256 0
8257 1141
8258 1314
8259 0
8260 0
8261 0
8262 0
8263 33
8264 23
8265 0
8266 0
8267 327
8268 3
8269 48
8270 0
8271 0
8272 2
8273 2398
8274 61
8275 0
8276 0
8277 0
8278 0
8279 0
8280 4
8281 0
8282 3691
8283 3
8284 0
8285 524
8286 5
8287 1
8288 29
8289 0
8290 0
8291 0
8292 0
8293 0
8294 0
8295 4
8296 322
8297 0
8298 0
8299 0
8300 0
8301 7
8302 0
8303 1395
8304 1
8305 16
8306 16
8307 0
8308 67
8309 0
8310 0
8311 810
8312 0
8313 0
8314 0
8315 96
8316 3
8317 0
8318 2
8319 905
8320 0
8321 0
8322 0
8323 922
8324 1
8325 60
8326 403
8327 0
8328 0
8329 0
8330 60
8331 3665
8332 0
8333 2877
8334 0
8335 57
8336 5
8337 115
8338 1
8339 24
8340 0
8341 1
8342 0
8343 2
8344 0
8345 0
8346 22
8347 1362
8348 0
8349 0
8350 0
8351 0
8352 1452
8353 0
8354 0
8355 0
8356 0
8357 0
8358 192
8359 0
8360 1
8361 2
8362 375
8363 0
8364 0
8365 0
8366 41
8367 0
8368 0
8369 11
8370 0
8371 0
8372 10
8373 135
8374 27
8375 65
8376 0
8377 3
8378 0
8379 1921
8380 0
8381 0
8382 175
8383 6
8384 268
8385 81
8386 0
8387 0
8388 107
8389 2768
8390 682
8391 0
8392 0
8393 0
8394 1
8395 49
8396 0
8397 0
8398 1
8399 0
8400 1
8401 0
8402 124
8403 0
8404 0
8405 0
8406 53
8407 0
8408 0
8409 0
8410 6
8411 0
8412 1
8413 0
8414 0
8415 882
8416 328
8417 19
8418 2638
8419 0
8420 23
8421 0
8422 0
8423 26
8424 2783
8425 0
8426 0
8427 10
8428 0
8429 0
8430 2
8431 0
8432 0
8433 127
8434 0
8435 0
8436 0
8437 0
8438 4
8439 0
8440 0
8441 0
8442 7
8443 7
8444 763
8445 0
8446 5
8447 3984
8448 0
8449 0
8450 0
8451 0
8452 0
8453 1
8454 820
8455 0
8456 0
8457 1056
8458 1
8459 0
8460 4
8461 213
8462 2
8463 0
8464 1484
8465 0
8466 37
8467 0
8468 46
8469 44
8470 1
8471 0
8472 0
8473 4
8474 34
8475 608
8476 1776
8477 28
8478 69
8479 1800
8480 1131
8481 2
8482 0
8483 1
8484 190
8485 3157
8486 0
8487 2120
8488 5
8489 3
8490 0
8491 2
8492 0
8493 0
8494 0
8495 0
8496 906
8497 1
8498 0
8499 0
8500 0
8501 20
8502 0
8503 108
8504 0
8505 0
8506 0
8507 0
8508 2791
8509 1
8510 1
8511 93
8512 0
8513 0
8514 1285
8515 0
8516 0
8517 1130
8518 0
8519 332
8520 0
8521 0
8522 0
8523 0
8524 1
8525 1
8526 1
8527 1
8528 13
8529 0
8530 0
8531 128
8532 0
8533 0
8534 634
8535 0
8536 2503
8537 464
8538 0
8539 0
8540 0
8541 9
8542 0
8543 0
8544 66
8545 30
8546 0
8547 0
8548 485
8549 1
8550 0
8551 0
8552 0
8553 0
8554 0
8555 0
8556 20
8557 0
8558 31
8559 0
8560 0
8561 0
8562 0
8563 0
8564 0
8565 2
8566 0
8567 0
8568 4439
8569 0
8570 8
8571 6
8572 11
8573 753
8574 0
8575 0
8576 0
8577 1498
8578 0
8579 0
8580 8
8581 0
8582 0
8583 0
8584 354
8585 0
8586 0
8587 0
8588 611
8589 0
8590 76
8591 0
8592 147
8593 2
8594 3655
8595 0
8596 0
8597 38
8598 1
8599 0
8600 3
8601 0
8602 0
8603 0
8604 0
8605 164
8606 0
8607 30
8608 0
8609 11
8610 0
8611 0
8612 2685
8613 0
8614 0
8615 0
8616 0
8617 0
8618 0
8619 8
8620 1435
8621 33
8622 0
8623 1766
8624 0
8625 0
8626 0
8627 216
8628 542
8629 46
8630 0
8631 332
8632 0
8633 0
8634 0
8635 247
8636 114
8637 6
8638 0
8639 0
8640 1339
8641 8
8642 0
8643 0
8644 0
8645 151
8646 0
8647 86
8648 0
8649 0
8650 4
8651 0
8652 2496
8653 0
8654 0
8655 0
8656 0
8657 0
8658 1
8659 1
8660 0
8661 0
8662 0
8663 2
8664 0
8665 0
8666 22
8667 0
8668 0
8669 23
8670 12
8671 0
8672 0
8673 0
8674 0
8675 0
8676 0
8677 0
8678 1540
8679 7
8680 1622
8681 0
8682 0
8683 0
8684 0
8685 0
8686 0
8687 4
8688 0
8689 3
8690 1032
8691 0
8692 0
8693 2
8694 0
8695 11
8696 0
8697 103
8698 105
8699 0
8700 107
8701 68
8702 234
8703 0
8704 287
8705 0
8706 5
8707 0
8708 4
8709 2
8710 0
8711 0
8712 0
8713 33
8714 8
8715 2633
8716 0
8717 0
8718 3887
8719 0
8720 0
8721 0
8722 1
8723 0
8724 147
8725 10
8726 4
8727 0
8728 79
8729 7
8730 38
8731 2147
8732 34
8733 0
8734 0
8735 4
8736 251
8737 7
8738 13
8739 213
8740 0
8741 2
8742 72
8743 0
8744 16
8745 186
8746 0
8747 0
8748 0
8749 44
8750 0
8751 0
8752 0
8753 4284
8754 3
8755 0
8756 0
8757 0
8758 128
8759 109
8760 0
8761 0
8762 117
8763 1
8764 0
8765 160
8766 1
8767 16
8768 0
8769 1936
8770 2
8771 0
8772 0
8773 75
8774 0
8775 30
8776 0
8777 118
8778 0
8779 3248
8780 0
8781 0
8782 0
8783 0
8784 0
8785 0
8786 0
8787 1
8788 0
8789 0
8790 0
8791 1172
8792 248
8793 1485
8794 0
8795 0
8796 59
8797 20
8798 0
8799 12
8800 107
8801 1
8802 0
8803 0
8804 2
8805 0
8806 0
8807 8
8808 15
8809 0
8810 0
8811 0
8812 0
8813 1255
8814 2
8815 649
8816 0
8817 0
8818 3591
8819 0
8820 0
8821 0
8822 8
8823 0
8824 0
8825 0
8826 1472
8827 1
8828 301
8829 1
8830 15
8831 0
8832 0
8833 0
8834 7
8835 0
8836 54
8837 0
8838 0
8839 0
8840 4
8841 0
8842 3
8843 0
8844 0
8845 0
8846 1
8847 0
8848 0
8849 52
8850 0
8851 139
8852 0
8853 78
8854 0
8855 2
8856 0
8857 49
8858 155
8859 0
8860 0
8861 0
8862 176
8863 0
8864 0
8865 13
8866 0
8867 775
8868 25
8869 12
8870 0
8871 3
8872 14
8873 0
8874 33
8875 0
8876 331
8877 0
8878 570
8879 36
8880 3710
8881 16
8882 78
8883 0
8884 0
8885 542
8886 3465
8887 0
8888 578
8889 39
8890 785
8891 80
8892 1
8893 0
8894 0
8895 0
8896 0
8897 0
8898 0
8899 0
8900 0
8901 0
8902 1
8903 28
8904 752
8905 1
8906 0
8907 557
8908 22
8909 755
8910 1
8911 2338
8912 139
8913 0
8914 0
8915 0
8916 5
8917 0
8918 4
8919 0
8920 1
8921 0
8922 0
8923 0
8924 2
8925 162
8926 0
8927 1716
8928 225
8929 1
8930 0
8931 8
8932 0
8933 0
8934 67
8935 0
8936 0
8937 0
8938 325
8939 3
8940 0
8941 0
8942 1312
8943 11
8944 0
8945 2
8946 5
8947 0
8948 0
8949 1
8950 0
8951 0
8952 0
8953 0
8954 1
8955 0
8956 0
8957 3
8958 12
8959 0
8960 1684
8961 36
8962 86
8963 0
8964 3
8965 0
8966 0
8967 0
8968 0
8969 0
8970 0
8971 0
8972 0
8973 1
8974 0
8975 0
8976 0
8977 4
8978 0
8979 3980
8980 0
8981 0
8982 0
8983 0
8984 0
8985 0
8986 67
8987 0
8988 0
8989 2897
8990 704
8991 0
8992 0
8993 0
8994 0
8995 33
8996 0
8997 0
8998 23
8999 632
9000 0
9001 4
9002 163
9003 1
9004 0
9005 2
9006 37
9007 0
9008 0
9009 0
9010 0
9011 1
9012 2
9013 0
9014 105
9015 539
9016 356
9017 0
9018 1
9019 0
9020 4
9021 0
9022 6
9023 0
9024 0
9025 10
9026 3248
9027 2
9028 34
9029 0
9030 0
9031 3
9032 0
9033 0
9034 0
9035 0
9036 0
9037 0
9038 2394
9039 0
9040 0
9041 0
9042 196
9043 0
9044 0
9045 826
9046 0
9047 125
9048 185
9049 0
9050 0
9051 0
9052 144
9053 440
9054 711
9055 2207
9056 0
9057 0
9058 0
9059 0
9060 0
9061 7
9062 0
9063 417
9064 0
9065 1
9066 7
9067 0
9068 0
9069 16
9070 0
9071 0
9072 0
9073 1
9074 2544
9075 0
9076 12
9077 7
9078 3152
9079 0
9080 0
9081 0
9082 653
9083 0
9084 0
9085 0
9086 0
9087 0
9088 0
9089 0
9090 157
9091 4
9092 2492
9093 0
9094 0
9095 0
9096 0
9097 0
9098 66
9099 0
9100 3
9101 0
9102 0
9103 0
9104 0
9105 3551
9106 0
9107 0
9108 0
9109 0
9110 129
9111 17
9112 0
9113 410
9114 198
9115 317
9116 1
9117 48
9118 1
9119 0
9120 4481
9121 0
9122 0
9123 1
9124 0
9125 0
9126 0
9127 0
9128 0
9129 0
9130 0
9131 0
9132 5
9133 1351
9134 0
9135 113
9136 0
9137 1140
9138 1
9139 0
9140 20
9141 1310
9142 0
9143 2994
9144 43
9145 0
9146 0
9147 161
9148 6
9149 8
9150 0
9151 249
9152 0
9153 0
9154 0
9155 36
9156 19
9157 0
9158 0
9159 0
9160 158
9161 82
9162 223
9163 8
9164 79
9165 0
9166 0
9167 21
9168 0
9169 0
9170 0
9171 0
9172 1183
9173 2137
9174 0
9175 0
9176 0
9177 0
9178 0
9179 68
9180 0
9181 31
9182 7
9183 0
9184 62
9185 0
9186 0
9187 1
9188 0
9189 0
9190 1
9191 951
9192 768
9193 4
9194 0
9195 36
9196 0
9197 0
9198 153
9199 0
9200 1
9201 0
9202 0
9203 0
9204 0
9205 0
9206 120
9207 0
9208 164
9209 0
9210 0
9211 381
9212 0
9213 0
9214 0
9215 0
9216 0
9217 12
9218 0
9219 0
9220 1
9221 0
9222 0
9223 1
9224 0
9225 0
9226 6
9227 0
9228 1758
9229 0
9230 0
9231 0
9232 0
9233 0
9234 35
9235 0
9236 0
9237 93
9238 571
9239 2164
9240 230
9241 0
9242 41
9243 0
9244 0
9245 0
9246 1058
9247 0
9248 26
9249 0
9250 16
9251 3
9252 325
9253 42
9254 16
9255 0
9256 0
9257 0
9258 5
9259 0
9260 0
9261 69
9262 0
9263 0
9264 1896
9265 0
9266 0
9267 0
9268 0
9269 0
9270 0
9271 0
9272 0
9273 1155
9274 0
9275 0
9276 0
9277 1
9278 0
9279 0
9280 2602
9281 5
9282 0
9283 166
9284 1
9285 0
9286 0
9287 3
9288 0
9289 673
9290 0
9291 0
9292 0
9293 0
9294 0
9295 0
9296 0
9297 2
9298 2296
9299 0
9300 0
9301 12
9302 0
9303 0
9304 1774
9305 0
9306 0
9307 0
9308 74
9309 0
9310 122
9311 15
9312 1212
9313 0
9314 0
9315 502
9316 4
9317 113
9318 1
9319 0
9320 1
9321 0
9322 0
9323 0
9324 15
9325 21
9326 0
9327 0
9328 0
9329 0
9330 0
9331 2802
9332 0
9333 0
9334 0
9335 0
9336 0
9337 0
9338 0
9339 0
9340 1
9341 0
9342 0
9343 0
9344 0
9345 6
9346 0
9347 0
9348 526
9349 38
9350 227
9351 2
9352 0
9353 0
9354 2064
9355 0
9356 2126
9357 0
9358 163
9359 6
9360 0
9361 224
9362 0
9363 0
9364 548
9365 0
9366 3652
9367 0
9368 735
9369 0
9370 0
9371 0
9372 2214
9373 6
9374 0
9375 3207
9376 0
9377 0
9378 0
9379 0
9380 2042
9381 0
9382 0
9383 0
9384 0
9385 0
9386 0
9387 0
9388 8
9389 139
9390 0
9391 0
9392 0
9393 0
9394 0
9395 0
9396 447
9397 19
9398 0
9399 0
9400 0
9401 125
9402 0
9403 0
9404 0
9405 0
9406 0
9407 19
9408 1
9409 1891
9410 0
9411 0
9412 0
9413 0
9414 1
9415 344
9416 0
9417 1
9418 1344
9419 14
9420 3
9421 0
9422 0
9423 0
9424 2836
9425 0
9426 8
9427 0
9428 0
9429 410
9430 1370
9431 835
9432 14
9433 0
9434 1
9435 0
9436 0
9437 0
9438 0
9439 18
9440 30
9441 0
9442 8
9443 7
9444 3
9445 525
9446 0
9447 0
9448 0
9449 0
9450 0
9451 0
9452 585
9453 51
9454 0
9455 20
9456 0
9457 291
9458 73
9459 5
9460 0
9461 249
9462 0
9463 0
9464 0
9465 1865
9466 0
9467 0
9468 4
9469 0
9470 344
9471 43
9472 257
9473 0
9474 81
9475 0
9476 0
9477 0
9478 223
9479 0
9480 2516
9481 0
9482 34
9483 0
9484 4157
9485 0
9486 924
9487 8
9488 15
9489 0
9490 1973
9491 0
9492 33
9493 4
9494 1
9495 0
9496 0
9497 0
9498 0
9499 4
9500 125
9501 0
9502 158
9503 0
9504 0
9505 16
9506 0
9507 696
9508 0
9509 3
9510 33
9511 3
9512 30
9513 311
9514 0
9515 2368
9516 0
9517 0
9518 8
9519 0
9520 26
9521 1
9522 0
9523 167
9524 0
9525 0
9526 0
9527 256
9528 444
9529 364
9530 328
9531 0
9532 0
9533 0
9534 0
9535 0
9536 71
9537 0
9538 0
9539 0
9540 0
9541 0
9542 0
9543 0
9544 0
9545 0
9546 28
9547 0
9548 0
9549 0
9550 0
9551 0
9552 0
9553 1
9554 0
9555 0
9556 0
9557 0
9558 4
9559 0
9560 0
9561 11
9562 0
9563 0
9564 11
9565 0
9566 11
9567 0
9568 0
9569 0
9570 31
9571 6
9572 0
9573 0
9574 0
9575 0
9576 7
9577 0
9578 0
9579 0
9580 4
9581 290
9582 0
9583 0
9584 0
9585 8
9586 12
9587 468
9588 0
9589 0
9590 0
9591 0
9592 0
9593 0
9594 0
9595 0
9596 0
9597 0
9598 0
9599 1908
9600 0
9601 0
9602 0
9603 1
9604 5
9605 133
9606 0
9607 0
9608 0
9609 350
9610 0
9611 0
9612 0
9613 1
9614 0
9615 0
9616 0
9617 165
9618 0
9619 4
9620 0
9621 540
9622 13
9623 0
9624 0
9625 0
9626 0
9627 1390
9628 0
9629 1
9630 121
9631 182
9632 715
9633 66
9634 6
9635 0
9636 0
9637 0
9638 0
9639 0
9640 8
9641 1
9642 0
9643 4315
9644 0
9645 600
9646 0
9647 0
9648 19
9649 0
9650 15
9651 0
9652 1
9653 0
9654 0
9655 1
9656 0
9657 9
9658 0
9659 0
9660 0
9661 0
9662 0
9663 2677
9664 6
9665 0
9666 0
9667 0
9668 0
9669 0
9670 0
9671 0
9672 0
9673 0
9674 0
9675 390
9676 0
9677 356
9678 243
9679 0
9680 0
9681 0
9682 713
9683 413
9684 0
9685 39
9686 629
9687 30
9688 0
9689 0
9690 16
9691 103
9692 25
9693 3814
9694 641
9695 101
9696 0
9697 0
9698 0
9699 1
9700 0
9701 0
9702 3
9703 0
9704 0
9705 1905
9706 1
9707 253
9708 74
9709 1054
9710 819
9711 1658
9712 0
9713 0
9714 144
9715 0
9716 0
9717 582
9718 0
9719 7
9720 0
9721 283
9722 56
9723 939
9724 0
9725 8
9726 0
9727 12
9728 0
9729 0
9730 0
9731 1627
9732 0
9733 0
9734 0
9735 0
9736 0
9737 0
9738 0
9739 212
9740 0
9741 0
9742 0
9743 138
9744 0
9745 0
9746 100
9747 213
9748 3
9749 0
9750 204
9751 0
9752 0
9753 469
9754 121
9755 0
9756 0
9757 0
9758 0
9759 0
9760 0
9761 14
9762 0
9763 0
9764 0
9765 0
9766 0
9767 0
9768 0
9769 0
9770 0
9771 41
9772 0
9773 0
9774 0
9775 1
9776 0
9777 0
9778 0
9779 2
9780 0
9781 0
9782 1
9783 0
9784 1
9785 145
9786 0
9787 0
9788 15
9789 290
9790 220
9791 0
9792 0
9793 0
9794 0
9795 3287
9796 2
9797 0
9798 408
9799 0
9800 0
9801 244
9802 0
9803 0
9804 0
9805 0
9806 0
9807 0
9808 0
9809 0
9810 0
9811 0
9812 69
9813 0
9814 0
9815 14
9816 0
9817 0
9818 0
9819 11
9820 1
9821 2373
9822 0
9823 8
9824 0
9825 5
9826 22
9827 275
9828 0
9829 1
9830 0
9831 1
9832 4448
9833 0
9834 12
9835 12
9836 0
9837 0
9838 0
9839 0
9840 0
9841 0
9842 53
9843 0
9844 0
9845 0
9846 0
9847 0
9848 0
9849 2956
9850 464
9851 0
9852 0
9853 3919
9854 54
9855 0
9856 0
9857 0
9858 1703
9859 0
9860 0
9861 0
9862 0
9863 98
9864 0
9865 0
9866 0
9867 0
9868 0
9869 0
9870 756
9871 0
9872 0
9873 11
9874 4
9875 23
9876 0
9877 0
9878 0
9879 50
9880 0
9881 0
9882 63
9883 4
9884 1
9885 54
9886 0
9887 0
9888 60
9889 694
9890 0
9891 2331
9892 0
9893 0
9894 3219
9895 1179
9896 1
9897 0
9898 6
9899 1
9900 0
9901 108
9902 0
9903 7
9904 0
9905 2
9906 0
9907 0
9908 1
9909 83
9910 0
9911 0
9912 0
9913 0
9914 0
9915 0
9916 0
9917 0
9918 0
9919 277
9920 0
9921 0
9922 0
9923 0
9924 0
9925 0
9926 0
9927 3672
9928 438
9929 51
9930 0
9931 180
9932 0
9933 0
9934 0
9935 78
9936 6
9937 0
9938 0
9939 0
9940 0
9941 0
9942 0
9943 0
9944 0
9945 0
9946 0
9947 0
9948 1
9949 0
9950 1
9951 0
9952 0
9953 0
9954 0
9955 0
9956 22
9957 0
9958 278
9959 127
9960 0
9961 46
9962 1094
9963 75
9964 0
9965 1436
9966 0
9967 0
9968 2622
9969 0
9970 0
9971 18
9972 536
9973 0
9974 0
9975 1871
9976 1035
9977 0
9978 2797
9979 0
9980 0
9981 0
9982 0
9983 0
9984 1240
9985 1760
9986 0
9987 0
9988 108
9989 0
9990 236
9991 1345
9992 36
9993 5
9994 1
9995 176
9996 0
9997 0
9998 304
9999 11
