2000000
4000000
10000
0 1290
1 0
2 0
3 0
4 1094
5 0
6 0
7 0
8 24
9 0
10 0
11 47
12 502
13 0
14 49
15 734
16 0
17 0
18 54
19 0
20 0
21 0
22 5
23 0
24 0
25 0
26 0
27 452
28 0
29 0
30 7
31 0
32 0
33 139
34 0
35 919
36 0
37 0
38 0
39 0
40 0
41 1
42 46
43 0
44 0
45 41
46 0
47 42
48 0
49 0
50 0
51 116
52 0
53 144
54 933
55 1
56 0
57 2890
58 1836
59 2
60 0
61 0
62 1
63 0
64 0
65 1
66 243
67 0
68 997
69 33
70 0
71 180
72 1
73 33
74 0
75 0
76 0
77 568
78 11
79 19
80 0
81 0
82 0
83 0
84 1
85 1
86 0
87 2
88 0
89 22
90 0
91 0
92 0
93 0
94 0
95 0
96 0
97 0
98 0
99 0
100 0
101 2626
102 0
103 0
104 0
105 0
106 1405
107 99
108 2868
109 0
110 2
111 60
112 0
113 0
114 1
115 6
116 0
117 0
118 0
119 0
120 0
121 0
122 0
123 0
124 34
125 0
126 0
127 0
128 0
129 0
130 0
131 0
132 2
133 24
134 0
135 0
136 0
137 0
138 876
139 0
140 0
141 0
142 30
143 0
144 0
145 0
146 200
147 2
148 3
149 2
150 0
151 0
152 0
153 24
154 5
155 0
156 0
157 0
158 1
159 1
160 2663
161 0
162 0
163 0
164 2
165 4
166 0
167 158
168 0
169 0
170 0
171 434
172 0
173 0
174 148
175 0
176 0
177 0
178 0
179 0
180 2
181 0
182 0
183 4
184 0
185 0
186 472
187 0
188 0
189 3888
190 3264
191 0
192 0
193 0
194 0
195 0
196 0
197 0
198 0
199 3
200 10
201 0
202 4
203 0
204 0
205 1
206 164
207 301
208 29
209 0
210 73
211 310
212 1
213 100
214 0
215 34
216 0
217 83
218 0
219 0
220 0
221 0
222 0
223 3198
224 0
225 0
226 0
227 0
228 5
229 7
230 4113
231 0
232 0
233 0
234 0
235 2190
236 0
237 0
238 8
239 3745
240 6
241 0
242 0
243 0
244 4
245 0
246 0
247 0
248 0
249 0
250 0
251 0
252 11
253 15
254 0
255 739
256 390
257 0
258 0
259 0
260 41
261 15
262 0
263 0
264 2
265 0
266 0
267 0
268 0
269 9
270 0
271 0
272 5
273 0
274 0
275 116
276 0
277 0
278 148
279 4523
280 38
281 0
282 0
283 0
284 0
285 0
286 8
287 0
288 0
289 0
290 17
291 12
292 439
293 595
294 0
295 0
296 481
297 5
298 0
299 0
300 1
301 0
302 0
303 0
304 0
305 1
306 0
307 1155
308 0
309 25
310 1
311 0
312 33
313 0
314 0
315 30
316 1931
317 1909
318 0
319 0
320 325
321 0
322 73
323 0
324 0
325 0
326 0
327 0
328 0
329 1
330 0
331 123
332 0
333 0
334 0
335 2
336 0
337 0
338 4318
339 102
340 902
341 0
342 0
343 0
344 0
345 0
346 0
347 66
348 0
349 0
350 0
351 0
352 10
353 0
354 0
355 0
356 0
357 1
358 35
359 0
360 2384
361 0
362 0
363 12
364 0
365 0
366 571
367 4347
368 1050
369 0
370 0
371 0
372 0
373 0
374 0
375 5
376 0
377 0
378 1
379 145
380 46
381 30
382 0
383 0
384 0
385 57
386 3
387 0
388 4
389 449
390 0
391 0
392 138
393 2049
394 0
395 2067
396 735
397 0
398 52
399 0
400 6
401 0
402 0
403 0
404 0
405 0
406 3739
407 0
408 0
409 4
410 5
411 23
412 41
413 509
414 0
415 0
416 0
417 0
418 0
419 2802
420 0
421 0
422 0
423 0
424 1235
425 0
426 0
427 24
428 0
429 2485
430 26
431 0
432 0
433 43
434 0
435 0
436 130
437 0
438 0
439 0
440 0
441 72
442 4
443 0
444 1508
445 0
446 0
447 0
448 0
449 3
450 986
451 0
452 1
453 0
454 4
455 14
456 0
457 0
458 0
459 65
460 1
461 4056
462 1
463 0
464 0
465 1
466 0
467 0
468 1
469 1
470 0
471 3
472 0
473 54
474 0
475 0
476 13
477 3
478 0
479 0
480 0
481 0
482 0
483 0
484 0
485 0
486 0
487 61
488 0
489 275
490 25
491 3
492 0
493 0
494 0
495 3
496 0
497 29
498 0
499 0
500 0
501 0
502 2368
503 3945
504 0
505 0
506 0
507 0
508 3070
509 0
510 0
511 0
512 0
513 28
514 0
515 0
516 0
517 0
518 0
519 0
520 0
521 0
522 0
523 33
524 0
525 1237
526 3088
527 0
528 5
529 0
530 0
531 34
532 0
533 0
534 112
535 0
536 396
537 7
538 0
539 1038
540 0
541 0
542 2
543 0
544 3193
545 0
546 58
547 6
548 113
549 20
550 9
551 0
552 1
553 0
554 422
555 330
556 0
557 0
558 0
559 0
560 0
561 213
562 0
563 28
564 240
565 1805
566 0
567 1062
568 0
569 0
570 1
571 0
572 0
573 0
574 0
575 2368
576 0
577 0
578 1361
579 0
580 0
581 0
582 0
583 0
584 2735
585 0
586 0
587 2122
588 0
589 0
590 2
591 0
592 1831
593 0
594 12
595 81
596 0
597 0
598 0
599 37
600 0
601 1050
602 0
603 4
604 1
605 0
606 0
607 0
608 0
609 0
610 0
611 0
612 8
613 0
614 0
615 0
616 0
617 0
618 1
619 0
620 5
621 0
622 3
623 1
624 3824
625 0
626 50
627 0
628 0
629 0
630 0
631 0
632 0
633 53
634 0
635 18
636 0
637 175
638 488
639 11
640 195
641 0
642 1
643 0
644 572
645 46
646 0
647 3
648 0
649 1
650 0
651 1499
652 0
653 9
654 657
655 0
656 3205
657 176
658 3291
659 0
660 30
661 0
662 0
663 0
664 0
665 0
666 4007
667 0
668 0
669 0
670 4
671 0
672 1627
673 0
674 0
675 1
676 0
677 0
678 0
679 4
680 0
681 0
682 0
683 75
684 1
685 314
686 889
687 0
688 0
689 0
690 0
691 0
692 72
693 54
694 0
695 3
696 0
697 2
698 0
699 0
700 3
701 0
702 4077
703 12
704 1
705 0
706 0
707 0
708 1694
709 0
710 4524
711 0
712 0
713 0
714 20
715 0
716 0
717 84
718 2
719 0
720 0
721 414
722 923
723 6
724 0
725 0
726 0
727 3
728 1
729 0
730 530
731 0
732 6
733 1404
734 0
735 16
736 0
737 0
738 3
739 0
740 0
741 0
742 0
743 1156
744 0
745 0
746 0
747 0
748 0
749 1
750 576
751 0
752 212
753 0
754 0
755 0
756 1045
757 163
758 0
759 0
760 0
761 0
762 1197
763 1031
764 12
765 0
766 0
767 0
768 36
769 775
770 0
771 0
772 1426
773 11
774 0
775 21
776 0
777 0
778 9
779 0
780 0
781 2184
782 0
783 0
784 0
785 0
786 0
787 0
788 0
789 0
790 0
791 0
792 0
793 0
794 0
795 2
796 11
797 1
798 0
799 0
800 0
801 591
802 105
803 2
804 1
805 0
806 7
807 0
808 0
809 0
810 2380
811 0
812 0
813 0
814 0
815 0
816 3
817 0
818 152
819 3431
820 313
821 0
822 0
823 14
824 1064
825 0
826 0
827 17
828 0
829 50
830 0
831 0
832 1
833 130
834 3
835 0
836 1
837 0
838 1
839 1
840 0
841 3706
842 0
843 0
844 90
845 242
846 0
847 388
848 2
849 0
850 0
851 0
852 1451
853 0
854 0
855 0
856 0
857 0
858 1
859 0
860 0
861 0
862 459
863 1335
864 0
865 9
866 0
867 2
868 0
869 0
870 0
871 0
872 0
873 0
874 0
875 0
876 0
877 0
878 0
879 0
880 2
881 0
882 0
883 1
884 489
885 6
886 394
887 9
888 0
889 1
890 85
891 206
892 0
893 262
894 0
895 0
896 64
897 3
898 0
899 0
900 0
901 0
902 0
903 0
904 178
905 0
906 529
907 0
908 11
909 0
910 0
911 1446
912 0
913 0
914 0
915 0
916 0
917 0
918 0
919 0
920 0
921 221
922 0
923 13
924 0
925 0
926 0
927 13
928 0
929 0
930 279
931 0
932 0
933 172
934 0
935 0
936 1
937 3207
938 0
939 1
940 0
941 0
942 2
943 0
944 4
945 0
946 0
947 0
948 0
949 0
950 0
951 0
952 0
953 2099
954 0
955 0
956 1393
957 1484
958 0
959 232
960 0
961 0
962 8
963 0
964 1
965 0
966 0
967 0
968 0
969 18
970 0
971 0
972 0
973 0
974 0
975 0
976 3
977 810
978 0
979 2
980 3837
981 4
982 264
983 0
984 0
985 0
986 0
987 0
988 0
989 0
990 2
991 0
992 0
993 0
994 0
995 0
996 0
997 21
998 0
999 0
1000 0
1001 0
1002 0
1003 0
1004 0
1005 0
1006 325
1007 7
1008 0
1009 0
1010 0
1011 0
1012 1
1013 0
1014 0
1015 0
1016 0
1017 0
1018 0
1019 2
1020 0
1021 516
1022 0
1023 0
1024 1
1025 0
1026 2
1027 0
1028 0
1029 0
1030 0
1031 77
1032 228
1033 0
1034 0
1035 2
1036 2
1037 12
1038 0
1039 0
1040 0
1041 0
1042 0
1043 0
1044 0
1045 0
1046 3
1047 4748
1048 24
1049 0
1050 635
1051 102
1052 0
1053 1095
1054 8
1055 0
1056 0
1057 0
1058 450
1059 0
1060 634
1061 0
1062 0
1063 0
1064 0
1065 16
1066 0
1067 27
1068 43
1069 12
1070 0
1071 0
1072 88
1073 0
1074 0
1075 0
1076 0
1077 302
1078 0
1079 0
1080 10
1081 3293
1082 0
1083 0
1084 0
1085 0
1086 91
1087 3
1088 4
1089 2
1090 0
1091 0
1092 2
1093 0
1094 0
1095 0
1096 0
1097 0
1098 0
1099 0
1100 0
1101 429
1102 0
1103 1459
1104 1255
1105 542
1106 469
1107 0
1108 13
1109 0
1110 783
1111 0
1112 80
1113 3605
1114 0
1115 0
1116 0
1117 5
1118 955
1119 0
1120 0
1121 0
1122 797
1123 3272
1124 0
1125 0
1126 37
1127 1
1128 0
1129 5
1130 36
1131 33
1132 0
1133 2
1134 0
1135 0
1136 0
1137 6
1138 335
1139 0
1140 0
1141 0
1142 0
1143 0
1144 3180
1145 0
1146 0
1147 1
1148 3
1149 0
1150 2
1151 0
1152 0
1153 0
1154 67
1155 31
1156 0
1157 0
1158 0
1159 114
1160 0
1161 55
1162 0
1163 0
1164 0
1165 0
1166 2
1167 0
1168 0
1169 0
1170 0
1171 0
1172 0
1173 0
1174 0
1175 0
1176 16
1177 568
1178 0
1179 1262
1180 14
1181 0
1182 0
1183 0
1184 0
1185 0
1186 0
1187 0
1188 2
1189 0
1190 0
1191 0
1192 1
1193 23
1194 0
1195 0
1196 296
1197 0
1198 0
1199 41
1200 0
1201 587
1202 0
1203 0
1204 0
1205 4
1206 0
1207 725
1208 0
1209 6
1210 56
1211 0
1212 18
1213 0
1214 0
1215 2
1216 0
1217 0
1218 0
1219 519
1220 0
1221 0
1222 0
1223 265
1224 5
1225 3
1226 0
1227 0
1228 0
1229 7
1230 0
1231 47
1232 0
1233 2533
1234 11
1235 3325
1236 0
1237 0
1238 0
1239 0
1240 13
1241 0
1242 0
1243 0
1244 0
1245 0
1246 3
1247 0
1248 1168
1249 0
1250 0
1251 0
1252 0
1253 2
1254 0
1255 0
1256 0
1257 1
1258 0
1259 0
1260 8
1261 0
1262 24
1263 0
1264 0
1265 0
1266 92
1267 111
1268 0
1269 2
1270 0
1271 98
1272 0
1273 1
1274 0
1275 0
1276 0
1277 0
1278 0
1279 0
1280 0
1281 0
1282 0
1283 451
1284 0
1285 1
1286 16
1287 0
1288 0
1289 6
1290 0
1291 4
1292 0
1293 0
1294 1
1295 0
1296 0
1297 0
1298 12
1299 0
1300 3
1301 8
1302 0
1303 0
1304 0
1305 0
1306 0
1307 31
1308 1333
1309 4
1310 145
1311 0
1312 0
1313 0
1314 1874
1315 1192
1316 0
1317 0
1318 3657
1319 0
1320 0
1321 26
1322 0
1323 0
1324 0
1325 0
1326 0
1327 26
1328 7
1329 0
1330 0
1331 527
1332 1
1333 0
1334 0
1335 0
1336 0
1337 0
1338 0
1339 0
1340 0
1341 0
1342 0
1343 0
1344 0
1345 0
1346 0
1347 0
1348 1738
1349 0
1350 0
1351 3
1352 232
1353 0
1354 0
1355 0
1356 0
1357 0
1358 153
1359 0
1360 0
1361 2
1362 40
1363 724
1364 1
1365 0
1366 3
1367 0
1368 599
1369 0
1370 0
1371 55
1372 162
1373 86
1374 0
1375 0
1376 0
1377 0
1378 0
1379 0
1380 0
1381 0
1382 0
1383 0
1384 0
1385 0
1386 0
1387 313
1388 0
1389 1
1390 0
1391 0
1392 1574
1393 0
1394 1315
1395 3413
1396 0
1397 0
1398 0
1399 0
1400 0
1401 0
1402 0
1403 480
1404 0
1405 2981
1406 0
1407 0
1408 0
1409 0
1410 1919
1411 68
1412 597
1413 3
1414 244
1415 70
1416 1
1417 4
1418 0
1419 0
1420 104
1421 0
1422 0
1423 148
1424 0
1425 0
1426 0
1427 12
1428 0
1429 0
1430 22
1431 1
1432 0
1433 2994
1434 3301
1435 30
1436 0
1437 0
1438 0
1439 12
1440 0
1441 0
1442 0
1443 0
1444 36
1445 50
1446 51
1447 5
1448 0
1449 0
1450 0
1451 2
1452 220
1453 0
1454 0
1455 0
1456 0
1457 0
1458 0
1459 0
1460 4168
1461 0
1462 0
1463 1
1464 122
1465 0
1466 5
1467 219
1468 0
1469 83
1470 0
1471 11
1472 1
1473 0
1474 3285
1475 0
1476 791
1477 104
1478 3092
1479 2
1480 0
1481 0
1482 0
1483 1
1484 216
1485 0
1486 1866
1487 10
1488 1085
1489 5
1490 0
1491 57
1492 0
1493 3
1494 0
1495 0
1496 1819
1497 0
1498 0
1499 9
1500 1
1501 1
1502 0
1503 0
1504 1069
1505 5
1506 0
1507 0
1508 0
1509 0
1510 0
1511 0
1512 33
1513 1
1514 2
1515 0
1516 3
1517 6
1518 1
1519 10
1520 0
1521 0
1522 78
1523 0
1524 0
1525 1305
1526 8
1527 0
1528 119
1529 0
1530 25
1531 0
1532 18
1533 0
1534 0
1535 2051
1536 0
1537 0
1538 1071
1539 0
1540 896
1541 0
1542 0
1543 1240
1544 0
1545 0
1546 384
1547 0
1548 0
1549 0
1550 124
1551 0
1552 0
1553 0
1554 0
1555 0
1556 2213
1557 0
1558 3
1559 0
1560 3
1561 0
1562 0
1563 1
1564 578
1565 13
1566 19
1567 429
1568 0
1569 490
1570 0
1571 0
1572 0
1573 1
1574 0
1575 0
1576 178
1577 0
1578 37
1579 0
1580 0
1581 66
1582 0
1583 0
1584 0
1585 15
1586 5
1587 0
1588 0
1589 0
1590 0
1591 0
1592 7
1593 2729
1594 0
1595 0
1596 792
1597 0
1598 0
1599 0
1600 73
1601 0
1602 0
1603 0
1604 0
1605 0
1606 0
1607 0
1608 547
1609 9
1610 0
1611 135
1612 0
1613 1618
1614 106
1615 350
1616 0
1617 1362
1618 0
1619 0
1620 0
1621 5
1622 0
1623 3962
1624 0
1625 1592
1626 0
1627 4
1628 0
1629 0
1630 16
1631 0
1632 167
1633 1149
1634 0
1635 0
1636 1
1637 72
1638 8
1639 0
1640 0
1641 1
1642 0
1643 10
1644 1
1645 0
1646 0
1647 230
1648 69
1649 0
1650 0
1651 211
1652 0
1653 0
1654 87
1655 0
1656 0
1657 1
1658 602
1659 90
1660 0
1661 0
1662 0
1663 12
1664 0
1665 20
1666 0
1667 0
1668 1
1669 0
1670 0
1671 3256
1672 0
1673 120
1674 0
1675 426
1676 78
1677 0
1678 0
1679 0
1680 0
1681 2288
1682 3355
1683 0
1684 71
1685 0
1686 0
1687 0
1688 0
1689 2972
1690 0
1691 0
1692 1295
1693 0
1694 534
1695 0
1696 0
1697 0
1698 29
1699 893
1700 0
1701 1
1702 0
1703 1057
1704 0
1705 0
1706 0
1707 0
1708 0
1709 3
1710 0
1711 0
1712 0
1713 4
1714 0
1715 0
1716 4
1717 0
1718 79
1719 18
1720 2
1721 585
1722 0
1723 2
1724 0
1725 0
1726 0
1727 0
1728 0
1729 9
1730 420
1731 0
1732 2
1733 0
1734 1335
1735 0
1736 0
1737 10
1738 0
1739 0
1740 20
1741 1664
1742 0
1743 0
1744 464
1745 0
1746 587
1747 2292
1748 3
1749 0
1750 2099
1751 0
1752 0
1753 248
1754 0
1755 0
1756 722
1757 1270
1758 0
1759 0
1760 0
1761 0
1762 0
1763 0
1764 0
1765 0
1766 0
1767 0
1768 3
1769 0
1770 2335
1771 13
1772 0
1773 0
1774 33
1775 0
1776 4465
1777 75
1778 482
1779 0
1780 0
1781 0
1782 115
1783 0
1784 0
1785 0
1786 2123
1787 74
1788 1
1789 0
1790 0
1791 0
1792 156
1793 0
1794 0
1795 234
1796 0
1797 0
1798 0
1799 0
1800 31
1801 1
1802 0
1803 66
1804 7
1805 0
1806 0
1807 37
1808 0
1809 0
1810 0
1811 0
1812 0
1813 0
1814 0
1815 6
1816 0
1817 3032
1818 0
1819 0
1820 5
1821 0
1822 24
1823 8
1824 0
1825 0
1826 0
1827 3
1828 0
1829 0
1830 2
1831 24
1832 1
1833 41
1834 0
1835 0
1836 0
1837 1555
1838 2
1839 0
1840 0
1841 0
1842 0
1843 14
1844 0
1845 0
1846 0
1847 149
1848 0
1849 0
1850 0
1851 2
1852 0
1853 0
1854 4
1855 2
1856 0
1857 0
1858 0
1859 0
1860 0
1861 0
1862 0
1863 0
1864 0
1865 314
1866 1220
1867 0
1868 0
1869 6
1870 2
1871 2
1872 0
1873 4222
1874 74
1875 2996
1876 0
1877 0
1878 1
1879 104
1880 0
1881 0
1882 3
1883 64
1884 131
1885 0
1886 9
1887 0
1888 0
1889 0
1890 0
1891 0
1892 0
1893 56
1894 0
1895 0
1896 204
1897 0
1898 0
1899 710
1900 0
1901 0
1902 0
1903 0
1904 0
1905 3113
1906 282
1907 4659
1908 0
1909 17
1910 0
1911 0
1912 0
1913 0
1914 0
1915 0
1916 0
1917 0
1918 334
1919 214
1920 109
1921 2658
1922 450
1923 3791
1924 2443
1925 16
1926 0
1927 0
1928 0
1929 0
1930 551
1931 2
1932 2908
1933 1
1934 0
1935 0
1936 60
1937 0
1938 0
1939 3
1940 0
1941 0
1942 0
1943 0
1944 7
1945 0
1946 0
1947 0
1948 1499
1949 2142
1950 0
1951 0
1952 0
1953 29
1954 1291
1955 0
1956 2
1957 0
1958 0
1959 0
1960 8
1961 1
1962 25
1963 970
1964 4
1965 7
1966 0
1967 0
1968 0
1969 445
1970 0
1971 125
1972 0
1973 0
1974 0
1975 0
1976 0
1977 736
1978 5
1979 0
1980 0
1981 0
1982 13
1983 501
1984 0
1985 0
1986 0
1987 1
1988 0
1989 0
1990 0
1991 149
1992 0
1993 0
1994 0
1995 0
1996 281
1997 0
1998 2
1999 0
2000 303
2001 4634
2002 3961
2003 0
2004 1
2005 0
2006 0
2007 0
2008 1
2009 213
2010 0
2011 0
2012 1
2013 0
2014 0
2015 0
2016 0
2017 0
2018 2
2019 4021
2020 0
2021 2
2022 1
2023 8
2024 0
2025 0
2026 0
2027 0
2028 71
2029 0
2030 0
2031 0
2032 0
2033 0
2034 798
2035 180
2036 8
2037 2640
2038 128
2039 0
2040 0
2041 0
2042 1057
2043 512
2044 1089
2045 5
2046 0
2047 0
2048 0
2049 0
2050 0
2051 0
2052 13
2053 0
2054 0
2055 0
2056 0
2057 0
2058 0
2059 26
2060 22
2061 0
2062 1
2063 107
2064 2
2065 0
2066 127
2067 2689
2068 0
2069 0
2070 0
2071 0
2072 0
2073 0
2074 0
2075 211
2076 0
2077 0
2078 0
2079 0
2080 0
2081 2089
2082 0
2083 1
2084 0
2085 0
2086 223
2087 1
2088 0
2089 1
2090 0
2091 0
2092 3
2093 0
2094 0
2095 0
2096 97
2097 0
2098 9
2099 0
2100 0
2101 21
2102 0
2103 0
2104 0
2105 0
2106 30
2107 0
2108 0
2109 0
2110 0
2111 0
2112 0
2113 356
2114 0
2115 0
2116 0
2117 3001
2118 0
2119 2
2120 0
2121 0
2122 0
2123 0
2124 0
2125 1
2126 38
2127 0
2128 0
2129 1787
2130 0
2131 2313
2132 0
2133 1905
2134 0
2135 254
2136 22
2137 0
2138 2
2139 0
2140 3493
2141 0
2142 0
2143 1
2144 0
2145 24
2146 0
2147 0
2148 23
2149 0
2150 0
2151 0
2152 26
2153 0
2154 6
2155 0
2156 5
2157 2637
2158 0
2159 1888
2160 0
2161 0
2162 9
2163 25
2164 67
2165 0
2166 0
2167 3
2168 0
2169 0
2170 71
2171 0
2172 0
2173 0
2174 1
2175 0
2176 90
2177 2
2178 1196
2179 0
2180 15
2181 0
2182 0
2183 2622
2184 0
2185 4475
2186 224
2187 757
2188 0
2189 0
2190 0
2191 0
2192 0
2193 0
2194 1117
2195 0
2196 0
2197 0
2198 0
2199 0
2200 0
2201 0
2202 0
2203 0
2204 0
2205 0
2206 1
2207 0
2208 0
2209 2
2210 0
2211 0
2212 0
2213 0
2214 9
2215 1
2216 18
2217 53
2218 0
2219 0
2220 3275
2221 3
2222 12
2223 0
2224 0
2225 1053
2226 796
2227 427
2228 1575
2229 6
2230 829
2231 2
2232 3022
2233 0
2234 0
2235 0
2236 50
2237 159
2238 294
2239 0
2240 0
2241 528
2242 0
2243 0
2244 2849
2245 39
2246 0
2247 70
2248 502
2249 1
2250 0
2251 0
2252 0
2253 0
2254 0
2255 0
2256 4
2257 0
2258 80
2259 3432
2260 0
2261 99
2262 420
2263 0
2264 0
2265 9
2266 0
2267 0
2268 0
2269 0
2270 5
2271 0
2272 38
2273 0
2274 0
2275 26
2276 0
2277 73
2278 4
2279 0
2280 3
2281 0
2282 0
2283 148
2284 353
2285 0
2286 28
2287 3
2288 0
2289 376
2290 6
2291 0
2292 633
2293 0
2294 4
2295 5
2296 0
2297 0
2298 0
2299 0
2300 0
2301 0
2302 0
2303 0
2304 0
2305 0
2306 0
2307 49
2308 0
2309 0
2310 70
2311 39
2312 1
2313 1389
2314 298
2315 0
2316 0
2317 1
2318 121
2319 0
2320 0
2321 0
2322 0
2323 493
2324 0
2325 0
2326 0
2327 0
2328 18
2329 0
2330 0
2331 1
2332 0
2333 2
2334 1
2335 0
2336 0
2337 196
2338 0
2339 0
2340 0
2341 0
2342 0
2343 13
2344 0
2345 0
2346 0
2347 704
2348 3601
2349 0
2350 0
2351 1
2352 0
2353 0
2354 0
2355 61
2356 366
2357 32
2358 170
2359 72
2360 0
2361 11
2362 3
2363 0
2364 0
2365 83
2366 39
2367 0
2368 2972
2369 0
2370 270
2371 7
2372 46
2373 0
2374 0
2375 0
2376 0
2377 1
2378 0
2379 4
2380 0
2381 0
2382 0
2383 0
2384 0
2385 0
2386 0
2387 7
2388 0
2389 425
2390 0
2391 0
2392 0
2393 4380
2394 0
2395 0
2396 0
2397 0
2398 0
2399 0
2400 0
2401 7
2402 316
2403 0
2404 100
2405 0
2406 439
2407 2
2408 1
2409 0
2410 0
2411 0
2412 130
2413 10
2414 0
2415 0
2416 0
2417 0
2418 5
2419 0
2420 0
2421 0
2422 0
2423 1
2424 0
2425 0
2426 0
2427 0
2428 67
2429 0
2430 222
2431 159
2432 351
2433 0
2434 0
2435 0
2436 2
2437 23
2438 20
2439 0
2440 0
2441 1016
2442 41
2443 0
2444 0
2445 0
2446 1
2447 0
2448 4543
2449 0
2450 0
2451 931
2452 0
2453 3
2454 3
2455 0
2456 0
2457 0
2458 0
2459 81
2460 2
2461 42
2462 0
2463 1
2464 0
2465 2
2466 1
2467 690
2468 0
2469 0
2470 0
2471 0
2472 634
2473 0
2474 3
2475 5
2476 0
2477 43
2478 1
2479 1
2480 1342
2481 0
2482 0
2483 0
2484 893
2485 3
2486 153
2487 8
2488 0
2489 0
2490 0
2491 0
2492 742
2493 0
2494 0
2495 1616
2496 9
2497 0
2498 0
2499 1
2500 43
2501 38
2502 0
2503 0
2504 4
2505 623
2506 0
2507 0
2508 0
2509 0
2510 0
2511 62
2512 0
2513 0
2514 1
2515 0
2516 0
2517 0
2518 0
2519 0
2520 0
2521 0
2522 1
2523 0
2524 0
2525 475
2526 0
2527 335
2528 0
2529 0
2530 0
2531 0
2532 4
2533 0
2534 5
2535 0
2536 1
2537 0
2538 0
2539 1
2540 0
2541 0
2542 0
2543 3113
2544 0
2545 1813
2546 71
2547 0
2548 0
2549 0
2550 171
2551 2
2552 0
2553 0
2554 27
2555 9
2556 0
2557 1
2558 0
2559 1
2560 63
2561 2718
2562 0
2563 13
2564 0
2565 0
2566 0
2567 0
2568 0
2569 0
2570 0
2571 0
2572 0
2573 1766
2574 0
2575 0
2576 0
2577 159
2578 0
2579 20
2580 0
2581 0
2582 0
2583 1
2584 0
2585 0
2586 0
2587 0
2588 0
2589 0
2590 0
2591 97
2592 0
2593 0
2594 0
2595 1
2596 1
2597 0
2598 20
2599 651
2600 0
2601 0
2602 0
2603 8
2604 1750
2605 922
2606 0
2607 0
2608 0
2609 0
2610 0
2611 21
2612 0
2613 3
2614 468
2615 76
2616 2
2617 0
2618 79
2619 0
2620 0
2621 1
2622 0
2623 12
2624 3351
2625 0
2626 2289
2627 0
2628 0
2629 3592
2630 21
2631 2
2632 0
2633 0
2634 0
2635 0
2636 0
2637 203
2638 845
2639 0
2640 0
2641 0
2642 0
2643 1
2644 5
2645 0
2646 0
2647 0
2648 0
2649 4
2650 0
2651 0
2652 75
2653 276
2654 0
2655 3
2656 0
2657 0
2658 0
2659 1
2660 0
2661 8
2662 0
2663 0
2664 3
2665 21
2666 0
2667 3674
2668 0
2669 0
2670 0
2671 1203
2672 4
2673 0
2674 0
2675 1780
2676 0
2677 0
2678 0
2679 0
2680 0
2681 0
2682 3456
2683 295
2684 0
2685 0
2686 0
2687 0
2688 0
2689 133
2690 45
2691 0
2692 3958
2693 4
2694 3
2695 1
2696 1
2697 4
2698 0
2699 10
2700 1356
2701 0
2702 10
2703 380
2704 0
2705 340
2706 541
2707 11
2708 1584
2709 3
2710 0
2711 0
2712 0
2713 0
2714 0
2715 2
2716 14
2717 1873
2718 0
2719 643
2720 0
2721 135
2722 0
2723 0
2724 0
2725 0
2726 268
2727 14
2728 0
2729 87
2730 321
2731 0
2732 1
2733 0
2734 0
2735 0
2736 0
2737 0
2738 3
2739 18
2740 0
2741 35
2742 0
2743 0
2744 0
2745 0
2746 53
2747 62
2748 0
2749 0
2750 0
2751 1
2752 0
2753 0
2754 0
2755 0
2756 0
2757 65
2758 2
2759 19
2760 0
2761 0
2762 1747
2763 0
2764 0
2765 0
2766 1
2767 1007
2768 0
2769 0
2770 0
2771 1159
2772 2
2773 2
2774 0
2775 0
2776 0
2777 77
2778 0
2779 6
2780 0
2781 0
2782 44
2783 0
2784 0
2785 0
2786 3
2787 95
2788 599
2789 3888
2790 0
2791 0
2792 2059
2793 218
2794 0
2795 0
2796 1
2797 0
2798 3358
2799 33
2800 0
2801 0
2802 0
2803 0
2804 0
2805 0
2806 0
2807 0
2808 840
2809 0
2810 0
2811 0
2812 0
2813 1
2814 2
2815 0
2816 0
2817 1
2818 4
2819 1
2820 1
2821 1
2822 0
2823 3848
2824 6
2825 0
2826 1
2827 0
2828 318
2829 0
2830 1
2831 0
2832 0
2833 0
2834 0
2835 0
2836 65
2837 0
2838 0
2839 5
2840 0
2841 0
2842 0
2843 7
2844 39
2845 0
2846 0
2847 5
2848 3
2849 29
2850 0
2851 0
2852 0
2853 0
2854 2
2855 0
2856 93
2857 0
2858 0
2859 0
2860 4
2861 0
2862 2514
2863 0
2864 0
2865 1
2866 0
2867 2
2868 0
2869 0
2870 0
2871 1
2872 0
2873 0
2874 0
2875 0
2876 0
2877 188
2878 0
2879 0
2880 3678
2881 190
2882 0
2883 0
2884 0
2885 0
2886 7
2887 0
2888 0
2889 0
2890 59
2891 0
2892 0
2893 0
2894 0
2895 0
2896 953
2897 0
2898 0
2899 0
2900 1
2901 821
2902 0
2903 1
2904 0
2905 0
2906 0
2907 0
2908 0
2909 241
2910 0
2911 1
2912 0
2913 0
2914 0
2915 3768
2916 0
2917 0
2918 45
2919 0
2920 20
2921 8
2922 0
2923 78
2924 0
2925 480
2926 0
2927 0
2928 0
2929 0
2930 952
2931 0
2932 4166
2933 4
2934 0
2935 0
2936 0
2937 0
2938 1
2939 0
2940 0
2941 0
2942 9
2943 0
2944 0
2945 0
2946 1
2947 0
2948 0
2949 0
2950 3
2951 0
2952 45
2953 39
2954 7
2955 1034
2956 8
2957 0
2958 1
2959 5
2960 0
2961 0
2962 0
2963 0
2964 85
2965 606
2966 0
2967 3
2968 0
2969 1741
2970 0
2971 0
2972 0
2973 0
2974 546
2975 23
2976 397
2977 0
2978 0
2979 0
2980 8
2981 3056
2982 102
2983 0
2984 0
2985 0
2986 0
2987 0
2988 0
2989 0
2990 1
2991 0
2992 0
2993 0
2994 0
2995 0
2996 0
2997 262
2998 1
2999 0
3000 0
3001 1
3002 0
3003 0
3004 0
3005 0
3006 0
3007 0
3008 307
3009 0
3010 0
3011 0
3012 3428
3013 0
3014 3
3015 0
3016 1781
3017 1
3018 7
3019 0
3020 0
3021 0
3022 0
3023 2914
3024 0
3025 0
3026 0
3027 17
3028 428
3029 0
3030 0
3031 13
3032 0
3033 0
3034 327
3035 1
3036 1082
3037 0
3038 0
3039 0
3040 0
3041 0
3042 0
3043 2791
3044 0
3045 4691
3046 0
3047 579
3048 0
3049 0
3050 0
3051 0
3052 11
3053 0
3054 1
3055 0
3056 0
3057 0
3058 0
3059 14
3060 2
3061 2092
3062 0
3063 0
3064 17
3065 3117
3066 0
3067 0
3068 3490
3069 0
3070 3746
3071 0
3072 406
3073 0
3074 2
3075 0
3076 9
3077 0
3078 0
3079 18
3080 226
3081 0
3082 0
3083 0
3084 1
3085 165
3086 105
3087 0
3088 3316
3089 0
3090 0
3091 0
3092 6
3093 25
3094 0
3095 397
3096 0
3097 0
3098 1
3099 43
3100 0
3101 4
3102 0
3103 0
3104 52
3105 0
3106 11
3107 271
3108 0
3109 0
3110 13
3111 1
3112 0
3113 0
3114 0
3115 0
3116 2
3117 0
3118 0
3119 0
3120 1
3121 0
3122 0
3123 0
3124 103
3125 0
3126 7
3127 7
3128 76
3129 0
3130 0
3131 8
3132 0
3133 0
3134 3442
3135 0
3136 0
3137 0
3138 0
3139 37
3140 0
3141 0
3142 178
3143 0
3144 0
3145 0
3146 96
3147 0
3148 0
3149 23
3150 0
3151 255
3152 0
3153 47
3154 0
3155 608
3156 0
3157 0
3158 14
3159 0
3160 688
3161 1
3162 0
3163 0
3164 0
3165 0
3166 0
3167 0
3168 0
3169 0
3170 0
3171 1353
3172 0
3173 0
3174 264
3175 0
3176 0
3177 0
3178 0
3179 71
3180 1
3181 75
3182 0
3183 7
3184 0
3185 1
3186 1424
3187 0
3188 0
3189 0
3190 0
3191 10
3192 1916
3193 5
3194 0
3195 0
3196 0
3197 50
3198 0
3199 41
3200 531
3201 4
3202 0
3203 0
3204 0
3205 0
3206 0
3207 19
3208 0
3209 0
3210 4
3211 324
3212 0
3213 2
3214 0
3215 0
3216 2557
3217 0
3218 10
3219 24
3220 4554
3221 0
3222 0
3223 0
3224 0
3225 0
3226 0
3227 0
3228 4
3229 0
3230 0
3231 115
3232 1566
3233 0
3234 440
3235 0
3236 0
3237 1
3238 0
3239 0
3240 13
3241 0
3242 0
3243 0
3244 11
3245 0
3246 2404
3247 1
3248 1
3249 0
3250 0
3251 0
3252 0
3253 22
3254 0
3255 0
3256 0
3257 0
3258 595
3259 0
3260 0
3261 312
3262 0
3263 0
3264 0
3265 0
3266 0
3267 2060
3268 4
3269 12
3270 0
3271 0
3272 0
3273 0
3274 267
3275 0
3276 0
3277 1
3278 0
3279 0
3280 20
3281 2
3282 127
3283 0
3284 0
3285 0
3286 0
3287 49
3288 0
3289 0
3290 0
3291 67
3292 0
3293 0
3294 0
3295 5
3296 2
3297 0
3298 17
3299 3434
3300 2
3301 0
3302 27
3303 54
3304 11
3305 0
3306 1033
3307 0
3308 3
3309 0
3310 3
3311 0
3312 383
3313 114
3314 289
3315 212
3316 0
3317 0
3318 104
3319 0
3320 0
3321 0
3322 12
3323 0
3324 0
3325 0
3326 3
3327 0
3328 0
3329 0
3330 0
3331 0
3332 0
3333 0
3334 1
3335 165
3336 1113
3337 3
3338 0
3339 0
3340 3304
3341 0
3342 0
3343 51
3344 0
3345 1
3346 84
3347 0
3348 0
3349 1
3350 0
3351 360
3352 7
3353 0
3354 0
3355 1
3356 0
3357 0
3358 63
3359 65
3360 44
3361 3216
3362 237
3363 0
3364 0
3365 0
3366 12
3367 0
3368 0
3369 0
3370 814
3371 483
3372 0
3373 1274
3374 0
3375 0
3376 73
3377 6
3378 37
3379 0
3380 0
3381 0
3382 0
3383 0
3384 26
3385 13
3386 0
3387 0
3388 0
3389 200
3390 0
3391 0
3392 0
3393 0
3394 3
3395 0
3396 0
3397 0
3398 14
3399 13
3400 0
3401 546
3402 0
3403 2283
3404 0
3405 10
3406 0
3407 0
3408 0
3409 10
3410 2172
3411 0
3412 0
3413 1484
3414 0
3415 0
3416 0
3417 0
3418 0
3419 0
3420 0
3421 179
3422 3684
3423 0
3424 126
3425 2
3426 7
3427 299
3428 0
3429 0
3430 1
3431 0
3432 0
3433 0
3434 0
3435 0
3436 1852
3437 369
3438 53
3439 0
3440 0
3441 187
3442 3022
3443 0
3444 0
3445 69
3446 0
3447 0
3448 0
3449 0
3450 54
3451 0
3452 83
3453 0
3454 1
3455 1631
3456 0
3457 0
3458 0
3459 0
3460 3268
3461 0
3462 1
3463 0
3464 603
3465 0
3466 0
3467 12
3468 3425
3469 2718
3470 0
3471 0
3472 0
3473 0
3474 0
3475 0
3476 0
3477 2498
3478 0
3479 8
3480 0
3481 9
3482 0
3483 12
3484 0
3485 50
3486 0
3487 0
3488 0
3489 0
3490 0
3491 0
3492 103
3493 0
3494 4
3495 95
3496 0
3497 107
3498 256
3499 0
3500 0
3501 0
3502 0
3503 0
3504 0
3505 0
3506 0
3507 0
3508 0
3509 2530
3510 0
3511 0
3512 0
3513 2460
3514 4539
3515 5
3516 0
3517 0
3518 33
3519 34
3520 1
3521 2
3522 0
3523 0
3524 0
3525 0
3526 849
3527 0
3528 0
3529 0
3530 0
3531 1002
3532 0
3533 0
3534 0
3535 0
3536 14
3537 4
3538 275
3539 0
3540 0
3541 0
3542 0
3543 0
3544 0
3545 0
3546 0
3547 0
3548 0
3549 4619
3550 10
3551 2
3552 4
3553 0
3554 0
3555 20
3556 0
3557 6
3558 0
3559 0
3560 0
3561 0
3562 0
3563 30
3564 5
3565 0
3566 0
3567 0
3568 27
3569 0
3570 2
3571 1
3572 0
3573 0
3574 2
3575 0
3576 959
3577 0
3578 0
3579 15
3580 2
3581 0
3582 0
3583 0
3584 1
3585 0
3586 0
3587 0
3588 0
3589 0
3590 0
3591 3632
3592 0
3593 0
3594 13
3595 0
3596 0
3597 0
3598 0
3599 0
3600 0
3601 0
3602 0
3603 0
3604 0
3605 0
3606 0
3607 60
3608 0
3609 0
3610 2
3611 0
3612 4121
3613 3
3614 0
3615 10
3616 1310
3617 0
3618 0
3619 13
3620 0
3621 0
3622 0
3623 1
3624 1316
3625 0
3626 0
3627 0
3628 0
3629 1
3630 0
3631 5
3632 0
3633 0
3634 0
3635 2
3636 0
3637 0
3638 0
3639 10
3640 0
3641 0
3642 0
3643 2
3644 1066
3645 228
3646 1337
3647 0
3648 0
3649 0
3650 0
3651 3002
3652 0
3653 1
3654 200
3655 0
3656 0
3657 0
3658 199
3659 0
3660 0
3661 0
3662 1
3663 0
3664 1
3665 0
3666 0
3667 0
3668 1
3669 0
3670 55
3671 146
3672 0
3673 0
3674 3737
3675 0
3676 5
3677 0
3678 0
3679 12
3680 0
3681 0
3682 14
3683 0
3684 0
3685 53
3686 0
3687 0
3688 0
3689 501
3690 0
3691 0
3692 129
3693 0
3694 0
3695 0
3696 0
3697 15
3698 184
3699 0
3700 0
3701 0
3702 0
3703 0
3704 0
3705 209
3706 320
3707 0
3708 0
3709 0
3710 1023
3711 0
3712 0
3713 0
3714 5
3715 83
3716 0
3717 34
3718 1672
3719 1
3720 280
3721 1
3722 218
3723 0
3724 0
3725 0
3726 3
3727 0
3728 2
3729 0
3730 1
3731 0
3732 2002
3733 1725
3734 0
3735 0
3736 3249
3737 0
3738 191
3739 0
3740 344
3741 0
3742 119
3743 38
3744 0
3745 0
3746 0
3747 242
3748 0
3749 9
3750 0
3751 0
3752 0
3753 0
3754 0
3755 0
3756 1
3757 0
3758 950
3759 5
3760 0
3761 1120
3762 24
3763 0
3764 0
3765 4
3766 18
3767 84
3768 0
3769 1
3770 236
3771 0
3772 109
3773 0
3774 772
3775 0
3776 0
3777 0
3778 0
3779 0
3780 0
3781 0
3782 0
3783 0
3784 1
3785 0
3786 0
3787 0
3788 0
3789 0
3790 0
3791 0
3792 0
3793 0
3794 0
3795 0
3796 8
3797 0
3798 0
3799 3
3800 0
3801 0
3802 212
3803 0
3804 0
3805 171
3806 0
3807 0
3808 332
3809 240
3810 0
3811 0
3812 1
3813 52
3814 0
3815 0
3816 0
3817 22
3818 0
3819 0
3820 0
3821 0
3822 54
3823 0
3824 0
3825 0
3826 131
3827 0
3828 3432
3829 21
3830 0
3831 16
3832 0
3833 1583
3834 4032
3835 2
3836 56
3837 0
3838 177
3839 0
3840 0
3841 0
3842 20
3843 198
3844 65
3845 0
3846 1
3847 2
3848 0
3849 1
3850 1
3851 0
3852 0
3853 0
3854 7
3855 123
3856 0
3857 0
3858 4
3859 0
3860 0
3861 0
3862 0
3863 124
3864 0
3865 2
3866 0
3867 0
3868 0
3869 4
3870 0
3871 0
3872 0
3873 1
3874 0
3875 0
3876 0
3877 0
3878 0
3879 1891
3880 259
3881 0
3882 0
3883 0
3884 286
3885 0
3886 0
3887 0
3888 922
3889 0
3890 0
3891 0
3892 0
3893 1
3894 1
3895 524
3896 586
3897 498
3898 0
3899 0
3900 0
3901 0
3902 0
3903 0
3904 0
3905 21
3906 0
3907 1130
3908 2
3909 3867
3910 374
3911 40
3912 2003
3913 37
3914 0
3915 0
3916 0
3917 0
3918 0
3919 0
3920 19
3921 0
3922 462
3923 1
3924 738
3925 0
3926 177
3927 0
3928 108
3929 0
3930 0
3931 1
3932 0
3933 0
3934 0
3935 0
3936 0
3937 0
3938 0
3939 0
3940 70
3941 1
3942 0
3943 1
3944 0
3945 129
3946 1936
3947 53
3948 311
3949 1392
3950 0
3951 3483
3952 9
3953 5
3954 0
3955 0
3956 0
3957 0
3958 0
3959 93
3960 0
3961 0
3962 0
3963 0
3964 0
3965 47
3966 1644
3967 2034
3968 0
3969 0
3970 0
3971 0
3972 0
3973 0
3974 0
3975 888
3976 0
3977 0
3978 3
3979 0
3980 0
3981 0
3982 0
3983 1239
3984 378
3985 1
3986 1
3987 0
3988 0
3989 0
3990 0
3991 406
3992 0
3993 0
3994 0
3995 4
3996 75
3997 94
3998 0
3999 0
4000 0
4001 0
4002 182
4003 0
4004 7
4005 11
4006 0
4007 0
4008 0
4009 0
4010 0
4011 0
4012 0
4013 0
4014 0
4015 0
4016 0
4017 1019
4018 17
4019 933
4020 0
4021 0
4022 10
4023 2
4024 23
4025 112
4026 0
4027 0
4028 0
4029 0
4030 106
4031 0
4032 0
4033 208
4034 0
4035 0
4036 0
4037 106
4038 3
4039 348
4040 0
4041 66
4042 984
4043 0
4044 30
4045 507
4046 0
4047 6
4048 7
4049 19
4050 2
4051 0
4052 0
4053 1
4054 0
4055 0
4056 0
4057 28
4058 102
4059 0
4060 0
4061 0
4062 1189
4063 3
4064 0
4065 620
4066 242
4067 824
4068 0
4069 438
4070 0
4071 591
4072 0
4073 38
4074 0
4075 0
4076 0
4077 0
4078 0
4079 3
4080 3006
4081 0
4082 0
4083 0
4084 0
4085 0
4086 0
4087 4275
4088 0
4089 8
4090 0
4091 0
4092 0
4093 0
4094 60
4095 0
4096 0
4097 0
4098 0
4099 0
4100 0
4101 0
4102 0
4103 1
4104 8
4105 0
4106 1
4107 158
4108 56
4109 0
4110 0
4111 328
4112 0
4113 172
4114 85
4115 0
4116 0
4117 704
4118 0
4119 0
4120 186
4121 0
4122 0
4123 0
4124 223
4125 2
4126 0
4127 0
4128 0
4129 0
4130 0
4131 0
4132 0
4133 0
4134 0
4135 0
4136 1
4137 0
4138 0
4139 0
4140 0
4141 1845
4142 0
4143 0
4144 0
4145 0
4146 0
4147 9
4148 0
4149 2
4150 0
4151 0
4152 813
4153 0
4154 3
4155 223
4156 0
4157 0
4158 309
4159 0
4160 5
4161 0
4162 16
4163 0
4164 0
4165 0
4166 0
4167 39
4168 3
4169 0
4170 20
4171 0
4172 0
4173 26
4174 0
4175 0
4176 0
4177 0
4178 2240
4179 0
4180 0
4181 1
4182 0
4183 0
4184 0
4185 0
4186 0
4187 0
4188 0
4189 0
4190 0
4191 0
4192 0
4193 0
4194 57
4195 166
4196 2
4197 78
4198 0
4199 0
4200 0
4201 0
4202 3955
4203 2088
4204 38
4205 341
4206 0
4207 0
4208 3407
4209 0
4210 514
4211 0
4212 0
4213 0
4214 999
4215 0
4216 1
4217 0
4218 18
4219 12
4220 288
4221 0
4222 0
4223 0
4224 832
4225 0
4226 0
4227 19
4228 0
4229 0
4230 1
4231 383
4232 0
4233 0
4234 0
4235 414
4236 136
4237 160
4238 1028
4239 37
4240 2338
4241 0
4242 0
4243 0
4244 86
4245 9
4246 0
4247 0
4248 0
4249 1
4250 131
4251 0
4252 0
4253 0
4254 0
4255 364
4256 0
4257 0
4258 0
4259 0
4260 4146
4261 0
4262 0
4263 11
4264 47
4265 2522
4266 0
4267 12
4268 293
4269 0
4270 147
4271 0
4272 0
4273 0
4274 0
4275 0
4276 7
4277 1
4278 0
4279 588
4280 28
4281 0
4282 0
4283 2263
4284 0
4285 0
4286 48
4287 26
4288 0
4289 1
4290 3110
4291 1600
4292 0
4293 0
4294 54
4295 54
4296 0
4297 1327
4298 0
4299 62
4300 0
4301 0
4302 3797
4303 0
4304 0
4305 0
4306 83
4307 21
4308 179
4309 0
4310 0
4311 277
4312 0
4313 0
4314 0
4315 612
4316 9
4317 902
4318 0
4319 0
4320 0
4321 0
4322 773
4323 0
4324 0
4325 1
4326 0
4327 1
4328 0
4329 529
4330 667
4331 0
4332 1
4333 0
4334 2019
4335 0
4336 495
4337 0
4338 0
4339 0
4340 391
4341 81
4342 2063
4343 0
4344 0
4345 429
4346 0
4347 4719
4348 0
4349 129
4350 0
4351 0
4352 0
4353 0
4354 263
4355 0
4356 0
4357 0
4358 906
4359 4
4360 0
4361 0
4362 0
4363 0
4364 2
4365 77
4366 0
4367 0
4368 3
4369 41
4370 0
4371 0
4372 0
4373 0
4374 2
4375 4
4376 0
4377 0
4378 1315
4379 540
4380 2650
4381 1
4382 4823
4383 0
4384 3
4385 115
4386 27
4387 0
4388 0
4389 1
4390 0
4391 0
4392 0
4393 2
4394 0
4395 50
4396 0
4397 0
4398 0
4399 0
4400 0
4401 1675
4402 0
4403 1258
4404 0
4405 22
4406 3
4407 0
4408 0
4409 0
4410 0
4411 0
4412 0
4413 0
4414 0
4415 0
4416 0
4417 0
4418 40
4419 0
4420 0
4421 1
4422 2910
4423 17
4424 0
4425 1380
4426 4507
4427 6
4428 197
4429 7
4430 72
4431 0
4432 0
4433 0
4434 0
4435 4
4436 216
4437 237
4438 0
4439 1
4440 479
4441 1054
4442 283
4443 0
4444 0
4445 0
4446 32
4447 0
4448 0
4449 1
4450 0
4451 12
4452 0
4453 0
4454 0
4455 0
4456 4
4457 0
4458 0
4459 37
4460 0
4461 1
4462 0
4463 0
4464 0
4465 0
4466 0
4467 0
4468 0
4469 0
4470 2
4471 0
4472 2
4473 0
4474 0
4475 3589
4476 0
4477 0
4478 0
4479 2
4480 0
4481 14
4482 0
4483 0
4484 0
4485 3
4486 3
4487 0
4488 0
4489 0
4490 0
4491 0
4492 4
4493 17
4494 247
4495 3
4496 32
4497 0
4498 0
4499 17
4500 1
4501 1596
4502 0
4503 0
4504 0
4505 4755
4506 0
4507 0
4508 0
4509 0
4510 0
4511 0
4512 1
4513 0
4514 1
4515 1363
4516 0
4517 0
4518 0
4519 3
4520 0
4521 0
4522 0
4523 1
4524 63
4525 0
4526 46
4527 7
4528 0
4529 0
4530 1
4531 0
4532 0
4533 0
4534 0
4535 0
4536 1976
4537 0
4538 0
4539 0
4540 0
4541 0
4542 0
4543 0
4544 1
4545 240
4546 0
4547 770
4548 1
4549 0
4550 9
4551 0
4552 0
4553 0
4554 0
4555 50
4556 0
4557 1251
4558 541
4559 2
4560 1
4561 7
4562 0
4563 0
4564 0
4565 4
4566 0
4567 0
4568 59
4569 2
4570 1
4571 0
4572 0
4573 0
4574 0
4575 2
4576 0
4577 0
4578 0
4579 0
4580 0
4581 20
4582 0
4583 0
4584 0
4585 202
4586 0
4587 0
4588 0
4589 0
4590 0
4591 0
4592 0
4593 20
4594 0
4595 1
4596 0
4597 685
4598 0
4599 0
4600 0
4601 57
4602 0
4603 3890
4604 56
4605 0
4606 0
4607 0
4608 838
4609 0
4610 13
4611 0
4612 0
4613 0
4614 0
4615 0
4616 0
4617 1339
4618 0
4619 1
4620 0
4621 0
4622 0
4623 1
4624 0
4625 0
4626 0
4627 0
4628 0
4629 282
4630 2
4631 0
4632 0
4633 0
4634 0
4635 0
4636 0
4637 0
4638 0
4639 0
4640 333
4641 20
4642 0
4643 0
4644 118
4645 0
4646 0
4647 14
4648 0
4649 0
4650 0
4651 27
4652 0
4653 0
4654 699
4655 0
4656 4
4657 0
4658 0
4659 0
4660 2303
4661 0
4662 3178
4663 2
4664 0
4665 0
4666 0
4667 0
4668 0
4669 0
4670 425
4671 0
4672 4
4673 0
4674 0
4675 0
4676 0
4677 10
4678 52
4679 63
4680 0
4681 0
4682 0
4683 0
4684 0
4685 0
4686 163
4687 9
4688 0
4689 0
4690 0
4691 4761
4692 5
4693 14
4694 0
4695 709
4696 1532
4697 1172
4698 1224
4699 5
4700 0
4701 0
4702 3244
4703 0
4704 1
4705 1
4706 0
4707 1
4708 30
4709 718
4710 0
4711 330
4712 0
4713 374
4714 0
4715 4
4716 0
4717 691
4718 0
4719 0
4720 0
4721 0
4722 58
4723 6
4724 0
4725 0
4726 90
4727 573
4728 268
4729 0
4730 0
4731 0
4732 147
4733 8
4734 0
4735 155
4736 330
4737 0
4738 0
4739 0
4740 148
4741 0
4742 4271
4743 0
4744 0
4745 1
4746 0
4747 0
4748 0
4749 44
4750 92
4751 0
4752 0
4753 0
4754 2076
4755 0
4756 293
4757 3
4758 0
4759 0
4760 49
4761 588
4762 1735
4763 0
4764 0
4765 0
4766 23
4767 0
4768 0
4769 1
4770 8
4771 0
4772 0
4773 0
4774 76
4775 73
4776 0
4777 5
4778 2
4779 0
4780 0
4781 1
4782 34
4783 662
4784 0
4785 0
4786 0
4787 0
4788 0
4789 0
4790 687
4791 2
4792 0
4793 0
4794 1607
4795 0
4796 0
4797 52
4798 0
4799 129
4800 0
4801 0
4802 1
4803 0
4804 14
4805 0
4806 3007
4807 0
4808 0
4809 0
4810 0
4811 0
4812 1
4813 1
4814 0
4815 0
4816 0
4817 0
4818 0
4819 164
4820 0
4821 0
4822 0
4823 1
4824 0
4825 0
4826 0
4827 28
4828 0
4829 0
4830 0
4831 3693
4832 13
4833 0
4834 0
4835 125
4836 0
4837 88
4838 0
4839 0
4840 0
4841 0
4842 273
4843 366
4844 0
4845 0
4846 0
4847 0
4848 1067
4849 0
4850 0
4851 983
4852 0
4853 0
4854 1017
4855 0
4856 7
4857 0
4858 0
4859 0
4860 1
4861 1
4862 49
4863 0
4864 0
4865 1
4866 0
4867 141
4868 0
4869 0
4870 0
4871 0
4872 0
4873 0
4874 32
4875 0
4876 0
4877 0
4878 995
4879 0
4880 0
4881 0
4882 0
4883 0
4884 0
4885 300
4886 0
4887 58
4888 952
4889 0
4890 0
4891 1
4892 0
4893 2
4894 66
4895 5
4896 46
4897 0
4898 803
4899 0
4900 0
4901 2
4902 7
4903 0
4904 0
4905 0
4906 1225
4907 0
4908 45
4909 0
4910 0
4911 19
4912 0
4913 2
4914 41
4915 0
4916 0
4917 3811
4918 9
4919 2052
4920 0
4921 0
4922 0
4923 0
4924 3546
4925 0
4926 54
4927 0
4928 0
4929 0
4930 0
4931 4
4932 3
4933 0
4934 0
4935 178
4936 519
4937 0
4938 0
4939 60
4940 342
4941 0
4942 0
4943 1732
4944 32
4945 32
4946 0
4947 0
4948 1
4949 0
4950 0
4951 0
4952 0
4953 0
4954 6
4955 0
4956 0
4957 0
4958 0
4959 0
4960 0
4961 0
4962 0
4963 0
4964 0
4965 154
4966 552
4967 0
4968 0
4969 1
4970 268
4971 1
4972 1568
4973 0
4974 0
4975 0
4976 0
4977 0
4978 1
4979 64
4980 0
4981 0
4982 0
4983 1124
4984 0
4985 0
4986 175
4987 0
4988 25
4989 0
4990 0
4991 0
4992 0
4993 896
4994 1
4995 0
4996 104
4997 0
4998 0
4999 2396
5000 0
5001 0
5002 0
5003 0
5004 0
5005 0
5006 0
5007 0
5008 48
5009 0
5010 3
5011 104
5012 0
5013 0
5014 0
5015 0
5016 2
5017 5
5018 37
5019 0
5020 810
5021 2418
5022 134
5023 149
5024 0
5025 0
5026 0
5027 0
5028 141
5029 0
5030 29
5031 384
5032 0
5033 0
5034 0
5035 409
5036 8
5037 0
5038 0
5039 0
5040 0
5041 0
5042 1429
5043 6
5044 0
5045 881
5046 1699
5047 1
5048 46
5049 8
5050 0
5051 0
5052 0
5053 0
5054 0
5055 0
5056 0
5057 169
5058 2
5059 0
5060 0
5061 124
5062 0
5063 2
5064 0
5065 3421
5066 0
5067 1
5068 3219
5069 60
5070 31
5071 0
5072 0
5073 0
5074 0
5075 4
5076 0
5077 1
5078 0
5079 0
5080 0
5081 0
5082 0
5083 74
5084 0
5085 0
5086 0
5087 131
5088 1
5089 0
5090 126
5091 0
5092 2064
5093 0
5094 0
5095 16
5096 3982
5097 26
5098 0
5099 2733
5100 0
5101 0
5102 0
5103 88
5104 0
5105 0
5106 1115
5107 4776
5108 0
5109 216
5110 0
5111 0
5112 109
5113 4797
5114 0
5115 0
5116 0
5117 2
5118 1
5119 0
5120 0
5121 0
5122 0
5123 0
5124 0
5125 0
5126 0
5127 0
5128 0
5129 0
5130 0
5131 141
5132 5
5133 0
5134 0
5135 0
5136 0
5137 0
5138 317
5139 251
5140 0
5141 468
5142 0
5143 0
5144 0
5145 3
5146 0
5147 326
5148 0
5149 2
5150 2
5151 0
5152 0
5153 3071
5154 0
5155 0
5156 0
5157 0
5158 0
5159 0
5160 2
5161 1
5162 0
5163 5
5164 108
5165 0
5166 0
5167 2
5168 0
5169 0
5170 0
5171 3
5172 0
5173 4
5174 36
5175 9
5176 0
5177 0
5178 0
5179 0
5180 0
5181 2
5182 0
5183 3
5184 0
5185 0
5186 112
5187 0
5188 154
5189 639
5190 0
5191 0
5192 0
5193 2
5194 1
5195 14
5196 0
5197 0
5198 711
5199 0
5200 0
5201 0
5202 2008
5203 68
5204 0
5205 75
5206 0
5207 0
5208 0
5209 0
5210 1
5211 0
5212 0
5213 1
5214 4189
5215 0
5216 0
5217 0
5218 0
5219 566
5220 923
5221 185
5222 0
5223 0
5224 413
5225 1889
5226 1
5227 624
5228 0
5229 1321
5230 0
5231 0
5232 0
5233 0
5234 0
5235 0
5236 1223
5237 151
5238 0
5239 0
5240 4
5241 0
5242 0
5243 0
5244 2
5245 450
5246 0
5247 0
5248 0
5249 161
5250 0
5251 0
5252 0
5253 0
5254 0
5255 1
5256 0
5257 0
5258 0
5259 0
5260 0
5261 305
5262 12
5263 0
5264 0
5265 0
5266 0
5267 1
5268 0
5269 1918
5270 0
5271 0
5272 931
5273 1
5274 0
5275 0
5276 0
5277 0
5278 0
5279 1
5280 0
5281 6
5282 0
5283 0
5284 2307
5285 0
5286 25
5287 0
5288 2
5289 1624
5290 0
5291 2
5292 16
5293 1
5294 0
5295 3714
5296 0
5297 0
5298 2567
5299 0
5300 28
5301 0
5302 239
5303 0
5304 0
5305 0
5306 18
5307 2
5308 251
5309 0
5310 0
5311 0
5312 0
5313 0
5314 0
5315 0
5316 2
5317 500
5318 0
5319 0
5320 3
5321 0
5322 35
5323 0
5324 0
5325 0
5326 2
5327 0
5328 1954
5329 0
5330 0
5331 303
5332 584
5333 0
5334 0
5335 0
5336 87
5337 1766
5338 0
5339 37
5340 10
5341 0
5342 0
5343 0
5344 0
5345 2
5346 0
5347 8
5348 0
5349 0
5350 0
5351 0
5352 8
5353 3383
5354 34
5355 0
5356 351
5357 0
5358 0
5359 0
5360 0
5361 4635
5362 1439
5363 0
5364 0
5365 1
5366 18
5367 7
5368 431
5369 0
5370 0
5371 1455
5372 0
5373 187
5374 0
5375 3
5376 2679
5377 73
5378 0
5379 0
5380 0
5381 0
5382 0
5383 219
5384 0
5385 0
5386 0
5387 1
5388 0
5389 0
5390 18
5391 2
5392 2093
5393 5
5394 0
5395 1
5396 0
5397 0
5398 4
5399 0
5400 3235
5401 0
5402 0
5403 69
5404 2
5405 9
5406 0
5407 1
5408 0
5409 0
5410 39
5411 0
5412 103
5413 0
5414 9
5415 0
5416 1
5417 57
5418 5
5419 59
5420 0
5421 2343
5422 3346
5423 11
5424 0
5425 0
5426 2719
5427 0
5428 0
5429 0
5430 0
5431 14
5432 0
5433 272
5434 0
5435 970
5436 0
5437 0
5438 0
5439 0
5440 0
5441 704
5442 1
5443 3
5444 1239
5445 0
5446 2
5447 27
5448 94
5449 0
5450 4
5451 3
5452 2284
5453 0
5454 0
5455 3569
5456 0
5457 46
5458 0
5459 0
5460 13
5461 0
5462 2
5463 0
5464 11
5465 0
5466 0
5467 929
5468 0
5469 0
5470 0
5471 1
5472 0
5473 14
5474 0
5475 0
5476 0
5477 0
5478 0
5479 39
5480 0
5481 383
5482 0
5483 576
5484 0
5485 414
5486 0
5487 0
5488 0
5489 0
5490 16
5491 0
5492 0
5493 0
5494 0
5495 0
5496 0
5497 1
5498 1
5499 0
5500 0
5501 0
5502 0
5503 0
5504 0
5505 0
5506 0
5507 0
5508 1103
5509 0
5510 0
5511 2
5512 0
5513 0
5514 1
5515 0
5516 20
5517 143
5518 0
5519 0
5520 712
5521 0
5522 0
5523 1
5524 0
5525 0
5526 82
5527 1
5528 0
5529 473
5530 0
5531 0
5532 127
5533 3
5534 0
5535 0
5536 0
5537 0
5538 30
5539 0
5540 0
5541 0
5542 0
5543 1174
5544 1
5545 37
5546 887
5547 0
5548 0
5549 127
5550 0
5551 106
5552 0
5553 0
5554 706
5555 0
5556 585
5557 0
5558 116
5559 1
5560 765
5561 163
5562 0
5563 4
5564 0
5565 7
5566 0
5567 2100
5568 0
5569 144
5570 0
5571 15
5572 0
5573 1421
5574 0
5575 0
5576 0
5577 0
5578 0
5579 1
5580 0
5581 0
5582 0
5583 1
5584 1
5585 0
5586 0
5587 0
5588 34
5589 5
5590 2
5591 0
5592 32
5593 803
5594 0
5595 0
5596 0
5597 0
5598 920
5599 752
5600 8
5601 0
5602 1
5603 0
5604 0
5605 1763
5606 597
5607 0
5608 0
5609 0
5610 2404
5611 6
5612 27
5613 0
5614 0
5615 0
5616 2
5617 0
5618 5
5619 148
5620 3361
5621 1
5622 0
5623 1
5624 0
5625 46
5626 13
5627 0
5628 22
5629 0
5630 501
5631 0
5632 1844
5633 0
5634 0
5635 3083
5636 1
5637 0
5638 4789
5639 307
5640 0
5641 0
5642 17
5643 130
5644 0
5645 0
5646 4038
5647 0
5648 0
5649 0
5650 0
5651 300
5652 0
5653 49
5654 0
5655 1
5656 1013
5657 0
5658 0
5659 130
5660 0
5661 13
5662 37
5663 0
5664 23
5665 15
5666 2
5667 0
5668 0
5669 34
5670 23
5671 0
5672 0
5673 33
5674 0
5675 0
5676 1
5677 0
5678 187
5679 172
5680 0
5681 234
5682 0
5683 0
5684 0
5685 0
5686 0
5687 1694
5688 10
5689 63
5690 0
5691 0
5692 0
5693 0
5694 14
5695 0
5696 0
5697 1
5698 4228
5699 2669
5700 3332
5701 0
5702 0
5703 0
5704 0
5705 0
5706 0
5707 1
5708 19
5709 1
5710 0
5711 0
5712 0
5713 3
5714 0
5715 0
5716 0
5717 0
5718 0
5719 0
5720 0
5721 162
5722 3932
5723 34
5724 0
5725 0
5726 16
5727 0
5728 0
5729 0
5730 1
5731 0
5732 14
5733 10
5734 1997
5735 1
5736 2390
5737 0
5738 1406
5739 0
5740 0
5741 0
5742 0
5743 0
5744 100
5745 0
5746 32
5747 0
5748 0
5749 0
5750 0
5751 621
5752 0
5753 2455
5754 0
5755 0
5756 0
5757 0
5758 0
5759 0
5760 2553
5761 0
5762 6
5763 0
5764 0
5765 0
5766 0
5767 0
5768 21
5769 0
5770 0
5771 0
5772 0
5773 0
5774 0
5775 0
5776 0
5777 0
5778 0
5779 5
5780 0
5781 1
5782 0
5783 572
5784 0
5785 0
5786 0
5787 0
5788 1817
5789 0
5790 818
5791 0
5792 0
5793 0
5794 0
5795 0
5796 0
5797 0
5798 677
5799 0
5800 0
5801 2345
5802 0
5803 0
5804 0
5805 0
5806 186
5807 9
5808 0
5809 0
5810 0
5811 0
5812 0
5813 1406
5814 0
5815 32
5816 0
5817 421
5818 0
5819 452
5820 0
5821 573
5822 0
5823 100
5824 0
5825 1
5826 317
5827 2568
5828 0
5829 0
5830 0
5831 1
5832 0
5833 138
5834 6
5835 0
5836 0
5837 0
5838 0
5839 1362
5840 3
5841 0
5842 11
5843 111
5844 0
5845 0
5846 0
5847 0
5848 1417
5849 8
5850 0
5851 3
5852 44
5853 0
5854 261
5855 0
5856 3085
5857 1
5858 0
5859 0
5860 5
5861 0
5862 0
5863 2
5864 0
5865 0
5866 0
5867 0
5868 0
5869 524
5870 3
5871 0
5872 0
5873 0
5874 5
5875 0
5876 14
5877 22
5878 5
5879 0
5880 0
5881 1365
5882 0
5883 0
5884 0
5885 0
5886 0
5887 1
5888 0
5889 326
5890 36
5891 1879
5892 0
5893 0
5894 1946
5895 30
5896 0
5897 0
5898 0
5899 0
5900 0
5901 11
5902 0
5903 0
5904 0
5905 0
5906 0
5907 0
5908 1322
5909 2
5910 0
5911 78
5912 0
5913 42
5914 0
5915 7
5916 0
5917 10
5918 495
5919 0
5920 0
5921 0
5922 0
5923 0
5924 70
5925 18
5926 0
5927 0
5928 0
5929 0
5930 0
5931 0
5932 0
5933 1736
5934 0
5935 0
5936 326
5937 0
5938 0
5939 0
5940 0
5941 13
5942 0
5943 2
5944 0
5945 0
5946 327
5947 0
5948 0
5949 0
5950 0
5951 0
5952 11
5953 0
5954 0
5955 0
5956 33
5957 0
5958 0
5959 0
5960 0
5961 0
5962 127
5963 987
5964 0
5965 10
5966 0
5967 0
5968 0
5969 0
5970 0
5971 0
5972 1
5973 0
5974 298
5975 0
5976 0
5977 0
5978 29
5979 0
5980 89
5981 0
5982 0
5983 0
5984 0
5985 475
5986 0
5987 0
5988 1604
5989 0
5990 0
5991 0
5992 0
5993 0
5994 0
5995 0
5996 1331
5997 81
5998 29
5999 0
6000 0
6001 0
6002 0
6003 0
6004 2
6005 135
6006 20
6007 0
6008 0
6009 0
6010 0
6011 0
6012 4510
6013 271
6014 0
6015 113
6016 3996
6017 0
6018 0
6019 0
6020 1
6021 0
6022 0
6023 0
6024 0
6025 57
6026 0
6027 979
6028 78
6029 65
6030 0
6031 0
6032 0
6033 2
6034 0
6035 0
6036 0
6037 0
6038 0
6039 4776
6040 0
6041 0
6042 0
6043 0
6044 3
6045 0
6046 0
6047 0
6048 113
6049 0
6050 0
6051 17
6052 0
6053 0
6054 0
6055 0
6056 193
6057 5
6058 0
6059 0
6060 0
6061 0
6062 16
6063 0
6064 0
6065 1
6066 0
6067 0
6068 0
6069 0
6070 0
6071 2
6072 0
6073 0
6074 633
6075 153
6076 183
6077 16
6078 0
6079 0
6080 6
6081 0
6082 0
6083 173
6084 1151
6085 135
6086 0
6087 48
6088 0
6089 0
6090 0
6091 0
6092 430
6093 401
6094 3
6095 1303
6096 2530
6097 0
6098 0
6099 0
6100 0
6101 89
6102 0
6103 22
6104 1
6105 0
6106 0
6107 0
6108 483
6109 655
6110 2
6111 111
6112 837
6113 0
6114 0
6115 2553
6116 0
6117 3
6118 0
6119 0
6120 15
6121 0
6122 3235
6123 0
6124 126
6125 0
6126 0
6127 0
6128 75
6129 0
6130 6
6131 0
6132 0
6133 19
6134 0
6135 0
6136 0
6137 0
6138 0
6139 0
6140 1
6141 28
6142 3
6143 1
6144 0
6145 1
6146 2569
6147 4760
6148 0
6149 0
6150 0
6151 68
6152 3
6153 208
6154 0
6155 0
6156 2338
6157 0
6158 0
6159 0
6160 0
6161 0
6162 0
6163 0
6164 145
6165 0
6166 2508
6167 0
6168 0
6169 0
6170 0
6171 0
6172 0
6173 182
6174 43
6175 0
6176 0
6177 0
6178 2724
6179 0
6180 2011
6181 0
6182 2
6183 0
6184 1
6185 0
6186 0
6187 407
6188 1507
6189 0
6190 0
6191 102
6192 0
6193 0
6194 1
6195 0
6196 0
6197 0
6198 0
6199 1
6200 3
6201 143
6202 0
6203 0
6204 0
6205 1
6206 0
6207 0
6208 32
6209 103
6210 0
6211 0
6212 0
6213 0
6214 0
6215 0
6216 0
6217 127
6218 0
6219 0
6220 0
6221 0
6222 0
6223 95
6224 10
6225 9
6226 24
6227 0
6228 0
6229 0
6230 0
6231 685
6232 2
6233 0
6234 0
6235 0
6236 28
6237 1
6238 0
6239 45
6240 0
6241 0
6242 2
6243 2
6244 0
6245 0
6246 0
6247 29
6248 114
6249 4334
6250 1311
6251 119
6252 0
6253 0
6254 3320
6255 0
6256 0
6257 53
6258 1449
6259 0
6260 0
6261 0
6262 16
6263 0
6264 0
6265 0
6266 5
6267 4233
6268 0
6269 0
6270 7
6271 37
6272 0
6273 0
6274 0
6275 0
6276 85
6277 0
6278 0
6279 18
6280 1
6281 0
6282 0
6283 0
6284 0
6285 24
6286 0
6287 3
6288 1
6289 37
6290 0
6291 68
6292 26
6293 0
6294 2
6295 0
6296 0
6297 0
6298 73
6299 0
6300 13
6301 183
6302 0
6303 482
6304 39
6305 38
6306 0
6307 0
6308 0
6309 2
6310 61
6311 0
6312 0
6313 58
6314 2082
6315 168
6316 0
6317 19
6318 0
6319 22
6320 0
6321 14
6322 0
6323 347
6324 74
6325 0
6326 0
6327 21
6328 0
6329 0
6330 586
6331 10
6332 0
6333 0
6334 0
6335 0
6336 0
6337 435
6338 0
6339 0
6340 56
6341 0
6342 192
6343 0
6344 387
6345 0
6346 0
6347 0
6348 0
6349 0
6350 0
6351 5
6352 0
6353 0
6354 0
6355 3263
6356 134
6357 1387
6358 0
6359 0
6360 17
6361 0
6362 3
6363 0
6364 0
6365 73
6366 1
6367 12
6368 0
6369 0
6370 0
6371 0
6372 0
6373 7
6374 25
6375 0
6376 0
6377 71
6378 0
6379 0
6380 87
6381 8
6382 0
6383 0
6384 0
6385 0
6386 0
6387 0
6388 0
6389 173
6390 3
6391 0
6392 7
6393 0
6394 0
6395 0
6396 0
6397 0
6398 0
6399 0
6400 14
6401 0
6402 82
6403 621
6404 0
6405 0
6406 1043
6407 13
6408 235
6409 12
6410 0
6411 0
6412 9
6413 6
6414 95
6415 532
6416 0
6417 851
6418 0
6419 2
6420 0
6421 3
6422 0
6423 0
6424 145
6425 0
6426 4
6427 0
6428 0
6429 0
6430 5
6431 0
6432 1
6433 0
6434 8
6435 0
6436 64
6437 0
6438 219
6439 0
6440 0
6441 0
6442 0
6443 0
6444 0
6445 286
6446 0
6447 0
6448 722
6449 0
6450 0
6451 0
6452 0
6453 0
6454 0
6455 0
6456 64
6457 1103
6458 3
6459 0
6460 0
6461 0
6462 0
6463 3551
6464 6
6465 0
6466 0
6467 2
6468 1085
6469 551
6470 0
6471 7
6472 0
6473 0
6474 0
6475 0
6476 0
6477 0
6478 0
6479 463
6480 0
6481 2
6482 10
6483 1
6484 754
6485 0
6486 0
6487 0
6488 0
6489 3
6490 126
6491 226
6492 0
6493 351
6494 3332
6495 0
6496 0
6497 0
6498 0
6499 3282
6500 0
6501 0
6502 0
6503 0
6504 58
6505 0
6506 13
6507 0
6508 0
6509 1
6510 2684
6511 0
6512 4
6513 0
6514 52
6515 9
6516 3
6517 0
6518 0
6519 0
6520 0
6521 0
6522 0
6523 135
6524 0
6525 0
6526 3840
6527 49
6528 0
6529 0
6530 0
6531 0
6532 0
6533 29
6534 9
6535 20
6536 0
6537 0
6538 2
6539 54
6540 36
6541 0
6542 0
6543 0
6544 12
6545 0
6546 0
6547 0
6548 32
6549 0
6550 32
6551 1140
6552 144
6553 173
6554 4
6555 607
6556 3
6557 0
6558 28
6559 0
6560 0
6561 4251
6562 19
6563 0
6564 19
6565 0
6566 0
6567 0
6568 0
6569 0
6570 0
6571 0
6572 32
6573 130
6574 3035
6575 0
6576 5
6577 35
6578 0
6579 72
6580 0
6581 272
6582 462
6583 0
6584 0
6585 0
6586 0
6587 306
6588 0
6589 0
6590 2
6591 26
6592 1
6593 0
6594 3211
6595 2811
6596 0
6597 168
6598 2140
6599 0
6600 175
6601 0
6602 1
6603 142
6604 0
6605 4076
6606 0
6607 1146
6608 0
6609 0
6610 0
6611 1
6612 0
6613 0
6614 0
6615 0
6616 0
6617 0
6618 0
6619 14
6620 3593
6621 0
6622 0
6623 73
6624 0
6625 0
6626 0
6627 69
6628 2
6629 0
6630 71
6631 0
6632 525
6633 0
6634 4
6635 0
6636 55
6637 0
6638 0
6639 1
6640 0
6641 0
6642 1
6643 1705
6644 5
6645 0
6646 767
6647 4
6648 0
6649 0
6650 0
6651 0
6652 6
6653 0
6654 336
6655 0
6656 0
6657 0
6658 716
6659 1
6660 0
6661 1873
6662 0
6663 0
6664 24
6665 0
6666 0
6667 0
6668 519
6669 0
6670 7
6671 0
6672 406
6673 0
6674 0
6675 0
6676 0
6677 290
6678 278
6679 0
6680 509
6681 2038
6682 0
6683 0
6684 0
6685 0
6686 0
6687 3
6688 4677
6689 56
6690 188
6691 0
6692 0
6693 0
6694 0
6695 0
6696 5
6697 89
6698 0
6699 0
6700 1335
6701 16
6702 0
6703 0
6704 12
6705 0
6706 0
6707 0
6708 0
6709 26
6710 0
6711 0
6712 3
6713 3
6714 4
6715 0
6716 3
6717 3
6718 0
6719 0
6720 0
6721 0
6722 42
6723 0
6724 0
6725 0
6726 0
6727 0
6728 1
6729 0
6730 0
6731 0
6732 107
6733 1250
6734 0
6735 0
6736 20
6737 0
6738 1
6739 740
6740 521
6741 0
6742 315
6743 0
6744 5
6745 0
6746 0
6747 1147
6748 0
6749 0
6750 0
6751 0
6752 0
6753 0
6754 0
6755 204
6756 0
6757 0
6758 0
6759 0
6760 0
6761 0
6762 1
6763 51
6764 48
6765 957
6766 0
6767 0
6768 0
6769 0
6770 0
6771 0
6772 560
6773 0
6774 0
6775 0
6776 3
6777 0
6778 0
6779 0
6780 0
6781 0
6782 0
6783 0
6784 0
6785 0
6786 0
6787 0
6788 1862
6789 0
6790 0
6791 0
6792 3
6793 1
6794 29
6795 1
6796 0
6797 312
6798 0
6799 0
6800 48
6801 0
6802 0
6803 0
6804 3
6805 0
6806 12
6807 0
6808 0
6809 0
6810 3849
6811 113
6812 0
6813 0
6814 941
6815 0
6816 0
6817 0
6818 22
6819 0
6820 0
6821 0
6822 0
6823 0
6824 0
6825 10
6826 99
6827 0
6828 134
6829 0
6830 1
6831 0
6832 0
6833 14
6834 0
6835 0
6836 17
6837 904
6838 0
6839 3
6840 0
6841 0
6842 0
6843 0
6844 0
6845 0
6846 0
6847 0
6848 0
6849 0
6850 0
6851 11
6852 0
6853 1
6854 0
6855 0
6856 0
6857 0
6858 10
6859 0
6860 0
6861 0
6862 0
6863 0
6864 0
6865 0
6866 44
6867 460
6868 0
6869 934
6870 0
6871 2371
6872 0
6873 0
6874 0
6875 0
6876 0
6877 26
6878 0
6879 3
6880 0
6881 103
6882 0
6883 22
6884 0
6885 18
6886 0
6887 0
6888 1425
6889 26
6890 0
6891 4499
6892 0
6893 0
6894 0
6895 973
6896 0
6897 0
6898 1
6899 0
6900 0
6901 0
6902 1
6903 0
6904 0
6905 2
6906 0
6907 0
6908 219
6909 0
6910 0
6911 0
6912 1
6913 0
6914 0
6915 32
6916 0
6917 0
6918 0
6919 2
6920 0
6921 0
6922 0
6923 0
6924 1
6925 1
6926 3895
6927 10
6928 175
6929 2
6930 0
6931 3632
6932 10
6933 0
6934 4
6935 0
6936 0
6937 3190
6938 20
6939 0
6940 0
6941 0
6942 0
6943 1
6944 4
6945 0
6946 0
6947 0
6948 0
6949 0
6950 0
6951 49
6952 0
6953 102
6954 50
6955 0
6956 0
6957 2
6958 32
6959 403
6960 1
6961 0
6962 0
6963 0
6964 7
6965 0
6966 0
6967 0
6968 384
6969 0
6970 0
6971 634
6972 0
6973 2039
6974 0
6975 0
6976 0
6977 0
6978 0
6979 0
6980 0
6981 0
6982 0
6983 0
6984 81
6985 0
6986 0
6987 0
6988 0
6989 18
6990 18
6991 0
6992 0
6993 0
6994 1157
6995 68
6996 0
6997 0
6998 0
6999 0
7000 0
7001 15
7002 660
7003 2
7004 5
7005 0
7006 0
7007 0
7008 257
7009 249
7010 0
7011 0
7012 0
7013 892
7014 1
7015 570
7016 0
7017 0
7018 0
7019 0
7020 0
7021 0
7022 0
7023 0
7024 0
7025 88
7026 0
7027 0
7028 0
7029 0
7030 0
7031 426
7032 0
7033 0
7034 0
7035 1
7036 0
7037 0
7038 1
7039 0
7040 1094
7041 0
7042 0
7043 0
7044 0
7045 2
7046 0
7047 0
7048 75
7049 1
7050 0
7051 1894
7052 7
7053 1983
7054 2
7055 1729
7056 38
7057 0
7058 181
7059 615
7060 14
7061 0
7062 0
7063 322
7064 0
7065 0
7066 1
7067 2
7068 1265
7069 0
7070 1
7071 97
7072 0
7073 290
7074 0
7075 0
7076 0
7077 0
7078 0
7079 0
7080 0
7081 164
7082 0
7083 0
7084 0
7085 0
7086 2
7087 1428
7088 0
7089 2310
7090 0
7091 0
7092 59
7093 1945
7094 416
7095 0
7096 0
7097 0
7098 0
7099 287
7100 0
7101 327
7102 3
7103 1
7104 0
7105 0
7106 331
7107 15
7108 51
7109 3
7110 0
7111 16
7112 2762
7113 0
7114 0
7115 4468
7116 188
7117 1135
7118 0
7119 0
7120 0
7121 305
7122 0
7123 1
7124 112
7125 0
7126 4430
7127 0
7128 72
7129 0
7130 641
7131 5
7132 0
7133 536
7134 0
7135 0
7136 531
7137 0
7138 47
7139 0
7140 0
7141 0
7142 0
7143 2
7144 99
7145 13
7146 0
7147 2
7148 0
7149 2160
7150 0
7151 0
7152 23
7153 0
7154 385
7155 0
7156 0
7157 0
7158 0
7159 0
7160 0
7161 6
7162 0
7163 0
7164 0
7165 0
7166 0
7167 0
7168 214
7169 0
7170 282
7171 11
7172 1264
7173 0
7174 0
7175 52
7176 0
7177 0
7178 424
7179 1
7180 0
7181 0
7182 0
7183 0
7184 468
7185 0
7186 1
7187 5
7188 0
7189 3257
7190 0
7191 50
7192 2615
7193 0
7194 0
7195 0
7196 0
7197 0
7198 0
7199 1
7200 0
7201 0
7202 16
7203 0
7204 0
7205 0
7206 0
7207 0
7208 0
7209 0
7210 0
7211 1683
7212 0
7213 0
7214 0
7215 1
7216 4116
7217 0
7218 0
7219 1758
7220 0
7221 0
7222 419
7223 115
7224 15
7225 0
7226 1
7227 0
7228 0
7229 0
7230 0
7231 0
7232 0
7233 35
7234 0
7235 6
7236 0
7237 0
7238 0
7239 0
7240 0
7241 257
7242 97
7243 0
7244 0
7245 0
7246 4394
7247 0
7248 114
7249 0
7250 0
7251 2501
7252 0
7253 3
7254 4
7255 1714
7256 0
7257 0
7258 6
7259 689
7260 0
7261 0
7262 0
7263 0
7264 1
7265 0
7266 41
7267 0
7268 0
7269 0
7270 0
7271 32
7272 0
7273 0
7274 0
7275 0
7276 3
7277 3427
7278 0
7279 4
7280 0
7281 1
7282 1801
7283 0
7284 0
7285 0
7286 4
7287 520
7288 0
7289 0
7290 0
7291 0
7292 1
7293 140
7294 0
7295 0
7296 129
7297 0
7298 0
7299 995
7300 0
7301 0
7302 0
7303 0
7304 0
7305 0
7306 262
7307 0
7308 1
7309 0
7310 0
7311 0
7312 85
7313 0
7314 0
7315 6
7316 0
7317 0
7318 2
7319 0
7320 0
7321 0
7322 0
7323 0
7324 0
7325 0
7326 202
7327 0
7328 5
7329 0
7330 0
7331 1822
7332 0
7333 0
7334 0
7335 0
7336 73
7337 636
7338 0
7339 0
7340 281
7341 0
7342 0
7343 0
7344 0
7345 64
7346 0
7347 0
7348 15
7349 0
7350 588
7351 197
7352 0
7353 2004
7354 22
7355 0
7356 0
7357 0
7358 0
7359 0
7360 0
7361 169
7362 911
7363 1
7364 367
7365 177
7366 1
7367 0
7368 0
7369 23
7370 0
7371 0
7372 0
7373 0
7374 0
7375 0
7376 0
7377 0
7378 0
7379 1
7380 0
7381 0
7382 0
7383 1
7384 2
7385 0
7386 0
7387 0
7388 0
7389 0
7390 0
7391 14
7392 0
7393 0
7394 293
7395 0
7396 40
7397 0
7398 0
7399 0
7400 0
7401 0
7402 0
7403 0
7404 0
7405 0
7406 0
7407 0
7408 0
7409 0
7410 0
7411 2357
7412 0
7413 0
7414 0
7415 0
7416 0
7417 0
7418 0
7419 1049
7420 0
7421 1379
7422 11
7423 0
7424 964
7425 0
7426 0
7427 0
7428 32
7429 0
7430 5
7431 0
7432 0
7433 0
7434 0
7435 3612
7436 0
7437 1
7438 2
7439 0
7440 11
7441 0
7442 0
7443 0
7444 0
7445 0
7446 0
7447 119
7448 0
7449 111
7450 0
7451 0
7452 2298
7453 0
7454 114
7455 0
7456 0
7457 913
7458 0
7459 2
7460 4
7461 0
7462 0
7463 1082
7464 83
7465 0
7466 2
7467 0
7468 0
7469 54
7470 0
7471 0
7472 0
7473 249
7474 2
7475 0
7476 4
7477 0
7478 500
7479 0
7480 0
7481 0
7482 1
7483 0
7484 0
7485 0
7486 4485
7487 0
7488 0
7489 1
7490 0
7491 0
7492 0
7493 0
7494 0
7495 0
7496 0
7497 11
7498 0
7499 0
7500 0
7501 0
7502 0
7503 0
7504 0
7505 0
7506 0
7507 0
7508 0
7509 1
7510 0
7511 0
7512 0
7513 0
7514 0
7515 25
7516 0
7517 0
7518 66
7519 122
7520 0
7521 2
7522 0
7523 4
7524 2353
7525 0
7526 0
7527 0
7528 176
7529 13
7530 0
7531 0
7532 0
7533 0
7534 0
7535 0
7536 2
7537 0
7538 306
7539 592
7540 9
7541 573
7542 0
7543 0
7544 0
7545 3
7546 7
7547 4
7548 0
7549 0
7550 1
7551 1800
7552 0
7553 0
7554 0
7555 0
7556 0
7557 0
7558 0
7559 1
7560 0
7561 5
7562 0
7563 2
7564 3
7565 0
7566 44
7567 0
7568 1
7569 0
7570 1
7571 1
7572 0
7573 4394
7574 22
7575 0
7576 5
7577 0
7578 0
7579 0
7580 0
7581 0
7582 1116
7583 0
7584 695
7585 0
7586 0
7587 0
7588 362
7589 0
7590 0
7591 925
7592 0
7593 0
7594 16
7595 0
7596 14
7597 0
7598 0
7599 0
7600 3492
7601 0
7602 7
7603 522
7604 0
7605 0
7606 0
7607 0
7608 0
7609 24
7610 0
7611 0
7612 1
7613 0
7614 1
7615 7
7616 0
7617 0
7618 2
7619 0
7620 0
7621 0
7622 2
7623 0
7624 3
7625 0
7626 0
7627 0
7628 605
7629 263
7630 36
7631 0
7632 1
7633 0
7634 0
7635 16
7636 15
7637 0
7638 0
7639 1386
7640 0
7641 0
7642 743
7643 0
7644 1
7645 0
7646 1406
7647 0
7648 0
7649 0
7650 0
7651 2754
7652 98
7653 0
7654 0
7655 29
7656 0
7657 0
7658 3
7659 0
7660 2365
7661 0
7662 3
7663 8
7664 2092
7665 0
7666 0
7667 0
7668 0
7669 0
7670 0
7671 0
7672 96
7673 780
7674 25
7675 442
7676 0
7677 0
7678 0
7679 903
7680 0
7681 361
7682 29
7683 2953
7684 0
7685 0
7686 1287
7687 0
7688 821
7689 114
7690 0
7691 189
7692 0
7693 31
7694 140
7695 0
7696 0
7697 2
7698 2547
7699 0
7700 0
7701 0
7702 0
7703 0
7704 2
7705 0
7706 26
7707 59
7708 0
7709 1
7710 0
7711 0
7712 0
7713 0
7714 4383
7715 613
7716 12
7717 0
7718 0
7719 139
7720 0
7721 0
7722 0
7723 0
7724 21
7725 0
7726 0
7727 0
7728 34
7729 0
7730 0
7731 0
7732 909
7733 1175
7734 0
7735 2
7736 14
7737 0
7738 8
7739 0
7740 0
7741 0
7742 0
7743 0
7744 0
7745 0
7746 4
7747 0
7748 46
7749 0
7750 0
7751 0
7752 0
7753 0
7754 0
7755 0
7756 13
7757 0
7758 0
7759 0
7760 0
7761 0
7762 2
7763 1
7764 1
7765 337
7766 4
7767 0
7768 0
7769 0
7770 1
7771 0
7772 0
7773 10
7774 0
7775 0
7776 2
7777 200
7778 2
7779 0
7780 0
7781 3
7782 0
7783 0
7784 9
7785 17
7786 0
7787 0
7788 0
7789 0
7790 0
7791 0
7792 0
7793 611
7794 179
7795 25
7796 0
7797 0
7798 0
7799 0
7800 0
7801 0
7802 0
7803 4349
7804 76
7805 0
7806 2465
7807 0
7808 2
7809 0
7810 5
7811 5
7812 0
7813 1
7814 0
7815 203
7816 0
7817 0
7818 3
7819 469
7820 0
7821 0
7822 1
7823 3
7824 0
7825 0
7826 0
7827 0
7828 105
7829 177
7830 0
7831 54
7832 0
7833 0
7834 1
7835 3
7836 0
7837 972
7838 65
7839 39
7840 2
7841 0
7842 4696
7843 0
7844 5
7845 79
7846 0
7847 0
7848 0
7849 14
7850 0
7851 0
7852 0
7853 7
7854 0
7855 0
7856 0
7857 51
7858 0
7859 1309
7860 0
7861 0
7862 0
7863 0
7864 0
7865 610
7866 2
7867 0
7868 1
7869 0
7870 0
7871 0
7872 17
7873 0
7874 1
7875 0
7876 513
7877 2601
7878 30
7879 0
7880 0
7881 0
7882 1
7883 849
7884 2
7885 4643
7886 9
7887 1354
7888 16
7889 0
7890 0
7891 0
7892 1
7893 0
7894 0
7895 14
7896 3
7897 0
7898 1
7899 88
7900 0
7901 8
7902 0
7903 0
7904 2821
7905 0
7906 0
7907 9
7908 0
7909 4
7910 0
7911 0
7912 3044
7913 0
7914 469
7915 0
7916 22
7917 0
7918 3
7919 398
7920 0
7921 0
7922 0
7923 0
7924 0
7925 6
7926 0
7927 0
7928 0
7929 0
7930 1
7931 0
7932 0
7933 0
7934 0
7935 0
7936 0
7937 0
7938 0
7939 0
7940 0
7941 662
7942 1
7943 0
7944 0
7945 37
7946 81
7947 0
7948 0
7949 0
7950 0
7951 303
7952 0
7953 0
7954 1060
7955 0
7956 0
7957 0
7958 310
7959 0
7960 0
7961 0
7962 1317
7963 10
7964 0
7965 0
7966 0
7967 0
7968 0
7969 34
7970 0
7971 0
7972 4329
7973 0
7974 126
7975 0
7976 0
7977 663
7978 0
7979 0
7980 0
7981 0
7982 4097
7983 2245
7984 3
7985 1979
7986 0
7987 0
7988 0
7989 240
7990 0
7991 0
7992 788
7993 1
7994 0
7995 0
7996 821
7997 0
7998 1
7999 0
8000 0
8001 44
8002 3
8003 3
8004 9
8005 0
8006 161
8007 0
8008 0
8009 0
8010 11
8011 1
8012 0
8013 15
8014 20
8015 3
8016 233
8017 1904
8018 0
8019 0
8020 0
8021 0
8022 0
8023 0
8024 16
8025 143
8026 0
8027 0
8028 1
8029 0
8030 0
8031 0
8032 0
8033 0
8034 27
8035 0
8036 1
8037 4
8038 0
8039 0
8040 2005
8041 0
8042 2
8043 0
8044 1
8045 0
8046 117
8047 0
8048 0
8049 10
8050 214
8051 4
8052 2
8053 0
8054 0
8055 0
8056 0
8057 1205
8058 36
8059 60
8060 0
8061 3094
8062 0
8063 6
8064 0
8065 4
8066 4520
8067 0
8068 0
8069 0
8070 0
8071 0
8072 7
8073 4
8074 0
8075 0
8076 6
8077 0
8078 0
8079 0
8080 8
8081 0
8082 0
8083 0
8084 0
8085 0
8086 0
8087 244
8088 23
8089 26
8090 1864
8091 0
8092 0
8093 0
8094 1
8095 374
8096 0
8097 28
8098 0
8099 0
8100 0
8101 0
8102 55
8103 0
8104 0
8105 0
8106 0
8107 0
8108 8
8109 0
8110 0
8111 169
8112 151
8113 0
8114 0
8115 0
8116 0
8117 0
8118 1
8119 3
8120 0
8121 871
8122 2555
8123 0
8124 335
8125 43
8126 1
8127 0
8128 0
8129 0
8130 1
8131 0
8132 0
8133 0
8134 3
8135 84
8136 0
8137 4686
8138 0
8139 0
8140 0
8141 0
8142 0
8143 0
8144 0
8145 121
8146 0
8147 0
8148 0
8149 2
8150 0
8151 0
8152 0
8153 0
8154 0
8155 0
8156 0
8157 0
8158 0
8159 112
8160 1
8161 1
8162 0
8163 0
8164 0
8165 6
8166 0
8167 0
8168 0
8169 8
8170 280
8171 0
8172 2
8173 0
8174 0
8175 0
8176 1
8177 3
8178 0
8179 720
8180 2329
8181 1812
8182 0
8183 10
8184 1
8185 1
8186 0
8187 0
8188 2385
8189 0
8190 9
8191 0
8192 0
8193 50
8194 0
8195 0
8196 14
8197 270
8198 0
8199 0
8200 0
8201 0
8202 0
8203 0
8204 1
8205 1124
8206 0
8207 62
8208 0
8209 0
8210 0
8211 41
8212 0
8213 0
8214 1
8215 0
8216 1
8217 0
8218 0
8219 0
8220 0
8221 1212
8222 0
8223 0
8224 0
8225 0
8226 0
8227 0
8228 164
8229 8
8230 0
8231 0
8232 4664
8233 0
8234 0
8235 6
8236 561
8237 489
8238 0
8239 0
8240 1594
8241 0
8242 1
8243 1168
8244 0
8245 4
8246 5
8247 3
8248 0
8249 0
8250 0
8251 0
8252 0
8253 1
8254 0
8255 1
8256 21
8257 357
8258 0
8259 0
8260 0
8261 1
8262 1
8263 0
8264 127
8265 10
8266 0
8267 0
8268 0
8269 2
8270 186
8271 2
8272 8
8273 0
8274 0
8275 4
8276 0
8277 24
8278 0
8279 0
8280 2
8281 20
8282 13
8283 11
8284 0
8285 111
8286 0
8287 0
8288 0
8289 0
8290 0
8291 0
8292 0
8293 0
8294 0
8295 0
8296 0
8297 149
8298 198
8299 0
8300 51
8301 0
8302 0
8303 0
8304 3231
8305 0
8306 0
8307 0
8308 0
8309 0
8310 0
8311 97
8312 0
8313 0
8314 0
8315 0
8316 0
8317 528
8318 0
8319 0
8320 3568
8321 19
8322 44
8323 207
8324 0
8325 0
8326 0
8327 0
8328 0
8329 265
8330 0
8331 1
8332 275
8333 134
8334 27
8335 0
8336 0
8337 142
8338 752
8339 1
8340 237
8341 0
8342 1
8343 1
8344 60
8345 3
8346 0
8347 2
8348 277
8349 194
8350 334
8351 0
8352 0
8353 0
8354 0
8355 0
8356 2
8357 15
8358 0
8359 0
8360 0
8361 0
8362 880
8363 252
8364 0
8365 0
8366 0
8367 0
8368 0
8369 0
8370 1162
8371 239
8372 94
8373 3
8374 40
8375 0
8376 93
8377 0
8378 0
8379 1186
8380 2007
8381 236
8382 0
8383 1
8384 0
8385 0
8386 213
8387 0
8388 1
8389 0
8390 0
8391 0
8392 0
8393 0
8394 160
8395 169
8396 0
8397 116
8398 1
8399 3
8400 0
8401 0
8402 1
8403 3
8404 0
8405 0
8406 20
8407 0
8408 1
8409 0
8410 120
8411 1
8412 0
8413 0
8414 0
8415 0
8416 0
8417 0
8418 0
8419 0
8420 1
8421 0
8422 0
8423 0
8424 36
8425 0
8426 0
8427 0
8428 0
8429 0
8430 56
8431 1
8432 0
8433 0
8434 2
8435 0
8436 0
8437 910
8438 0
8439 10
8440 3
8441 16
8442 0
8443 4822
8444 0
8445 2
8446 153
8447 3
8448 0
8449 1
8450 19
8451 2387
8452 0
8453 35
8454 171
8455 0
8456 6
8457 0
8458 2
8459 2
8460 2511
8461 0
8462 2
8463 2
8464 295
8465 0
8466 0
8467 1
8468 0
8469 0
8470 0
8471 0
8472 2513
8473 0
8474 1707
8475 130
8476 16
8477 188
8478 1079
8479 1
8480 0
8481 8
8482 0
8483 0
8484 0
8485 0
8486 0
8487 0
8488 1
8489 2
8490 0
8491 0
8492 0
8493 3406
8494 32
8495 782
8496 404
8497 99
8498 62
8499 0
8500 0
8501 24
8502 0
8503 4
8504 0
8505 0
8506 0
8507 1
8508 0
8509 105
8510 0
8511 6
8512 0
8513 0
8514 0
8515 318
8516 0
8517 0
8518 0
8519 0
8520 17
8521 0
8522 887
8523 0
8524 188
8525 1
8526 2
8527 35
8528 0
8529 175
8530 1578
8531 0
8532 0
8533 0
8534 0
8535 0
8536 0
8537 18
8538 0
8539 1133
8540 132
8541 0
8542 0
8543 0
8544 0
8545 0
8546 0
8547 1
8548 0
8549 0
8550 1049
8551 0
8552 0
8553 7
8554 29
8555 0
8556 7
8557 0
8558 0
8559 0
8560 218
8561 0
8562 0
8563 0
8564 227
8565 0
8566 1706
8567 0
8568 34
8569 0
8570 2888
8571 0
8572 1
8573 0
8574 0
8575 0
8576 4
8577 1062
8578 0
8579 0
8580 0
8581 0
8582 0
8583 40
8584 0
8585 0
8586 0
8587 6
8588 0
8589 29
8590 0
8591 0
8592 862
8593 0
8594 0
8595 0
8596 33
8597 515
8598 1
8599 0
8600 0
8601 0
8602 0
8603 0
8604 1
8605 1
8606 1
8607 0
8608 0
8609 0
8610 1
8611 0
8612 18
8613 3
8614 7
8615 0
8616 0
8617 0
8618 0
8619 495
8620 3547
8621 0
8622 0
8623 247
8624 257
8625 699
8626 0
8627 0
8628 0
8629 283
8630 0
8631 7
8632 0
8633 225
8634 0
8635 0
8636 0
8637 0
8638 0
8639 0
8640 0
8641 1956
8642 1553
8643 351
8644 53
8645 82
8646 631
8647 144
8648 35
8649 0
8650 251
8651 0
8652 0
8653 0
8654 43
8655 37
8656 0
8657 0
8658 0
8659 5
8660 584
8661 0
8662 0
8663 0
8664 0
8665 144
8666 0
8667 0
8668 0
8669 0
8670 0
8671 0
8672 0
8673 0
8674 2664
8675 0
8676 1
8677 1
8678 0
8679 0
8680 0
8681 1135
8682 2
8683 0
8684 0
8685 0
8686 246
8687 0
8688 0
8689 217
8690 0
8691 4
8692 53
8693 163
8694 0
8695 0
8696 189
8697 56
8698 0
8699 500
8700 108
8701 0
8702 0
8703 2
8704 271
8705 0
8706 756
8707 0
8708 0
8709 0
8710 0
8711 0
8712 0
8713 0
8714 0
8715 0
8716 0
8717 0
8718 0
8719 7
8720 1
8721 0
8722 0
8723 0
8724 0
8725 68
8726 0
8727 1
8728 0
8729 2
8730 66
8731 53
8732 0
8733 4
8734 2915
8735 0
8736 0
8737 6
8738 0
8739 0
8740 0
8741 1024
8742 0
8743 0
8744 0
8745 3965
8746 2
8747 100
8748 0
8749 0
8750 2
8751 0
8752 114
8753 0
8754 0
8755 0
8756 11
8757 1
8758 76
8759 201
8760 0
8761 0
8762 111
8763 0
8764 0
8765 0
8766 0
8767 0
8768 18
8769 0
8770 0
8771 0
8772 0
8773 196
8774 2
8775 0
8776 0
8777 0
8778 0
8779 2
8780 258
8781 1615
8782 0
8783 0
8784 0
8785 0
8786 0
8787 0
8788 0
8789 0
8790 293
8791 0
8792 0
8793 2
8794 0
8795 0
8796 0
8797 299
8798 0
8799 0
8800 0
8801 31
8802 1805
8803 3
8804 0
8805 4146
8806 66
8807 1395
8808 0
8809 0
8810 0
8811 2237
8812 0
8813 9
8814 0
8815 1
8816 0
8817 0
8818 0
8819 0
8820 64
8821 2275
8822 0
8823 0
8824 3
8825 0
8826 0
8827 0
8828 0
8829 456
8830 7
8831 450
8832 0
8833 0
8834 0
8835 0
8836 0
8837 0
8838 0
8839 0
8840 0
8841 15
8842 0
8843 1
8844 137
8845 0
8846 0
8847 0
8848 1
8849 0
8850 0
8851 0
8852 3
8853 0
8854 1249
8855 0
8856 139
8857 0
8858 0
8859 0
8860 0
8861 0
8862 0
8863 0
8864 3
8865 66
8866 0
8867 42
8868 8
8869 0
8870 0
8871 0
8872 0
8873 0
8874 0
8875 0
8876 0
8877 0
8878 0
8879 0
8880 0
8881 0
8882 24
8883 0
8884 100
8885 0
8886 0
8887 0
8888 0
8889 0
8890 139
8891 0
8892 0
8893 0
8894 235
8895 0
8896 92
8897 0
8898 177
8899 0
8900 1
8901 0
8902 162
8903 0
8904 0
8905 0
8906 20
8907 621
8908 4232
8909 0
8910 0
8911 0
8912 0
8913 3527
8914 0
8915 109
8916 0
8917 0
8918 0
8919 101
8920 2802
8921 65
8922 4
8923 437
8924 31
8925 657
8926 0
8927 0
8928 0
8929 0
8930 22
8931 0
8932 0
8933 0
8934 0
8935 1
8936 0
8937 0
8938 79
8939 0
8940 0
8941 0
8942 14
8943 0
8944 103
8945 0
8946 3
8947 0
8948 1007
8949 850
8950 0
8951 0
8952 0
8953 0
8954 70
8955 1
8956 0
8957 0
8958 156
8959 0
8960 46
8961 125
8962 0
8963 626
8964 1
8965 0
8966 0
8967 0
8968 1057
8969 1
8970 1
8971 1
8972 0
8973 0
8974 0
8975 0
8976 0
8977 0
8978 4372
8979 0
8980 0
8981 0
8982 1240
8983 0
8984 466
8985 0
8986 0
8987 0
8988 0
8989 0
8990 147
8991 0
8992 2080
8993 472
8994 12
8995 79
8996 13
8997 0
8998 0
8999 0
9000 0
9001 0
9002 1386
9003 1487
9004 0
9005 571
9006 0
9007 0
9008 0
9009 524
9010 0
9011 0
9012 0
9013 24
9014 0
9015 0
9016 0
9017 0
9018 0
9019 0
9020 0
9021 0
9022 49
9023 0
9024 0
9025 1029
9026 7
9027 22
9028 0
9029 1
9030 0
9031 0
9032 0
9033 0
9034 2
9035 0
9036 0
9037 0
9038 0
9039 0
9040 6
9041 3
9042 4
9043 0
9044 0
9045 1
9046 1
9047 5
9048 1609
9049 2
9050 76
9051 0
9052 0
9053 0
9054 1
9055 0
9056 1105
9057 0
9058 0
9059 0
9060 0
9061 1
9062 10
9063 0
9064 88
9065 0
9066 0
9067 0
9068 0
9069 1501
9070 1494
9071 17
9072 96
9073 2148
9074 0
9075 0
9076 155
9077 0
9078 0
9079 0
9080 0
9081 0
9082 0
9083 0
9084 1
9085 0
9086 289
9087 0
9088 0
9089 1121
9090 300
9091 0
9092 4
9093 0
9094 0
9095 0
9096 0
9097 954
9098 0
9099 0
9100 0
9101 0
9102 1059
9103 0
9104 0
9105 0
9106 1
9107 0
9108 6
9109 1
9110 0
9111 41
9112 3
9113 0
9114 2
9115 217
9116 0
9117 0
9118 0
9119 0
9120 12
9121 28
9122 0
9123 0
9124 0
9125 0
9126 0
9127 1
9128 42
9129 0
9130 0
9131 0
9132 0
9133 0
9134 36
9135 0
9136 1
9137 2378
9138 1775
9139 0
9140 17
9141 0
9142 0
9143 0
9144 6
9145 0
9146 4799
9147 0
9148 1
9149 0
9150 24
9151 0
9152 0
9153 409
9154 0
9155 2325
9156 0
9157 9
9158 0
9159 0
9160 559
9161 0
9162 76
9163 9
9164 13
9165 2
9166 1140
9167 0
9168 0
9169 0
9170 0
9171 0
9172 15
9173 4
9174 2
9175 0
9176 0
9177 0
9178 3
9179 0
9180 0
9181 0
9182 0
9183 0
9184 0
9185 0
9186 0
9187 1
9188 0
9189 3176
9190 4003
9191 0
9192 12
9193 0
9194 1
9195 0
9196 0
9197 0
9198 0
9199 2
9200 324
9201 0
9202 87
9203 47
9204 0
9205 264
9206 0
9207 68
9208 1
9209 0
9210 0
9211 316
9212 0
9213 33
9214 52
9215 73
9216 0
9217 0
9218 0
9219 11
9220 0
9221 0
9222 0
9223 1426
9224 39
9225 0
9226 0
9227 0
9228 0
9229 111
9230 0
9231 0
9232 0
9233 0
9234 3252
9235 7
9236 0
9237 27
9238 60
9239 0
9240 0
9241 0
9242 0
9243 85
9244 1
9245 0
9246 0
9247 0
9248 20
9249 2
9250 0
9251 62
9252 0
9253 44
9254 194
9255 0
9256 37
9257 0
9258 51
9259 0
9260 109
9261 0
9262 0
9263 0
9264 2
9265 0
9266 1023
9267 1152
9268 0
9269 0
9270 0
9271 8
9272 304
9273 53
9274 2
9275 2409
9276 0
9277 0
9278 0
9279 0
9280 0
9281 0
9282 9
9283 358
9284 3
9285 189
9286 6
9287 0
9288 2046
9289 0
9290 0
9291 1
9292 204
9293 1152
9294 0
9295 0
9296 0
9297 0
9298 0
9299 517
9300 628
9301 23
9302 0
9303 29
9304 0
9305 0
9306 0
9307 0
9308 35
9309 0
9310 0
9311 0
9312 0
9313 471
9314 0
9315 306
9316 0
9317 0
9318 61
9319 2208
9320 1
9321 0
9322 78
9323 371
9324 0
9325 0
9326 87
9327 0
9328 0
9329 0
9330 0
9331 0
9332 0
9333 361
9334 0
9335 1
9336 2
9337 2
9338 0
9339 102
9340 57
9341 0
9342 1
9343 0
9344 0
9345 0
9346 0
9347 3594
9348 0
9349 2
9350 0
9351 0
9352 0
9353 58
9354 1229
9355 0
9356 0
9357 22
9358 0
9359 0
9360 511
9361 0
9362 284
9363 0
9364 0
9365 0
9366 0
9367 0
9368 0
9369 0
9370 0
9371 1227
9372 361
9373 4413
9374 0
9375 0
9376 0
9377 0
9378 0
9379 0
9380 0
9381 0
9382 2717
9383 0
9384 1289
9385 0
9386 0
9387 0
9388 0
9389 1
9390 0
9391 2
9392 510
9393 42
9394 0
9395 0
9396 0
9397 0
9398 4415
9399 0
9400 99
9401 57
9402 0
9403 0
9404 0
9405 20
9406 0
9407 0
9408 2
9409 0
9410 455
9411 0
9412 1
9413 217
9414 0
9415 0
9416 0
9417 717
9418 0
9419 0
9420 3
9421 8
9422 0
9423 1171
9424 2
9425 0
9426 4
9427 3
9428 1672
9429 0
9430 1
9431 87
9432 0
9433 1
9434 0
9435 0
9436 0
9437 0
9438 0
9439 0
9440 1
9441 2
9442 0
9443 0
9444 0
9445 0
9446 38
9447 0
9448 0
9449 0
9450 0
9451 0
9452 0
9453 0
9454 16
9455 0
9456 95
9457 3278
9458 0
9459 63
9460 0
9461 0
9462 0
9463 0
9464 33
9465 11
9466 0
9467 1
9468 0
9469 0
9470 1
9471 1928
9472 0
9473 0
9474 71
9475 0
9476 0
9477 1
9478 0
9479 27
9480 0
9481 0
9482 0
9483 0
9484 21
9485 7
9486 0
9487 3590
9488 28
9489 0
9490 0
9491 181
9492 0
9493 0
9494 0
9495 394
9496 0
9497 0
9498 0
9499 0
9500 0
9501 0
9502 0
9503 0
9504 0
9505 0
9506 0
9507 0
9508 276
9509 2
9510 0
9511 0
9512 0
9513 1
9514 0
9515 0
9516 0
9517 1
9518 0
9519 0
9520 0
9521 0
9522 0
9523 0
9524 3992
9525 177
9526 0
9527 0
9528 0
9529 250
9530 0
9531 274
9532 62
9533 0
9534 2720
9535 4
9536 1
9537 0
9538 56
9539 0
9540 172
9541 13
9542 1
9543 0
9544 0
9545 1
9546 0
9547 0
9548 0
9549 0
9550 4
9551 0
9552 0
9553 0
9554 0
9555 0
9556 0
9557 1
9558 1
9559 5
9560 0
9561 889
9562 1
9563 0
9564 0
9565 0
9566 0
9567 0
9568 0
9569 0
9570 0
9571 0
9572 1
9573 73
9574 2
9575 0
9576 4145
9577 3
9578 4
9579 1596
9580 0
9581 5
9582 0
9583 0
9584 0
9585 1012
9586 0
9587 1
9588 0
9589 0
9590 1
9591 0
9592 0
9593 0
9594 0
9595 0
9596 2237
9597 0
9598 0
9599 0
9600 18
9601 13
9602 1
9603 0
9604 0
9605 0
9606 19
9607 0
9608 0
9609 0
9610 0
9611 506
9612 0
9613 0
9614 0
9615 4365
9616 6
9617 1
9618 576
9619 0
9620 0
9621 0
9622 0
9623 53
9624 0
9625 1
9626 0
9627 133
9628 1605
9629 0
9630 168
9631 0
9632 0
9633 0
9634 0
9635 0
9636 0
9637 1
9638 0
9639 169
9640 2554
9641 949
9642 0
9643 0
9644 0
9645 2
9646 0
9647 0
9648 0
9649 0
9650 4448
9651 3044
9652 0
9653 0
9654 14
9655 1500
9656 0
9657 995
9658 0
9659 25
9660 0
9661 0
9662 3894
9663 0
9664 0
9665 1271
9666 0
9667 12
9668 0
9669 629
9670 47
9671 13
9672 0
9673 0
9674 11
9675 0
9676 0
9677 1
9678 0
9679 82
9680 0
9681 1
9682 0
9683 0
9684 0
9685 1950
9686 0
9687 20
9688 0
9689 0
9690 0
9691 0
9692 0
9693 69
9694 14
9695 0
9696 17
9697 11
9698 0
9699 0
9700 0
9701 0
9702 0
9703 0
9704 0
9705 3
9706 0
9707 0
9708 30
9709 1
9710 2872
9711 0
9712 0
9713 0
9714 0
9715 0
9716 0
9717 2
9718 1
9719 0
9720 0
9721 0
9722 0
9723 1
9724 0
9725 195
9726 6
9727 46
9728 4021
9729 0
9730 26
9731 40
9732 4118
9733 0
9734 0
9735 0
9736 0
9737 1
9738 0
9739 0
9740 0
9741 0
9742 6
9743 0
9744 0
9745 1
9746 1
9747 0
9748 0
9749 564
9750 5
9751 2
9752 0
9753 0
9754 25
9755 0
9756 0
9757 0
9758 0
9759 0
9760 0
9761 0
9762 1178
9763 398
9764 7
9765 0
9766 1897
9767 32
9768 0
9769 156
9770 0
9771 0
9772 1
9773 33
9774 0
9775 32
9776 0
9777 0
9778 0
9779 558
9780 25
9781 0
9782 0
9783 107
9784 0
9785 70
9786 0
9787 0
9788 0
9789 0
9790 0
9791 0
9792 364
9793 0
9794 0
9795 0
9796 0
9797 3458
9798 0
9799 0
9800 0
9801 0
9802 21
9803 0
9804 0
9805 0
9806 112
9807 0
9808 600
9809 4
9810 0
9811 1397
9812 0
9813 0
9814 1
9815 0
9816 745
9817 4821
9818 5
9819 18
9820 0
9821 0
9822 190
9823 1
9824 0
9825 0
9826 71
9827 0
9828 0
9829 0
9830 0
9831 0
9832 5
9833 10
9834 257
9835 0
9836 5
9837 0
9838 0
9839 0
9840 1
9841 622
9842 0
9843 295
9844 0
9845 0
9846 0
9847 0
9848 0
9849 0
9850 3
9851 5
9852 0
9853 2689
9854 0
9855 0
9856 0
9857 0
9858 0
9859 0
9860 1
9861 238
9862 0
9863 11
9864 2
9865 39
9866 202
9867 1
9868 0
9869 14
9870 0
9871 0
9872 4
9873 38
9874 0
9875 16
9876 1
9877 0
9878 199
9879 738
9880 42
9881 0
9882 0
9883 0
9884 2
9885 0
9886 0
9887 0
9888 2788
9889 39
9890 288
9891 0
9892 1
9893 0
9894 1
9895 0
9896 0
9897 0
9898 0
9899 7
9900 1
9901 0
9902 81
9903 0
9904 0
9905 0
9906 9
9907 0
9908 0
9909 0
9910 0
9911 0
9912 0
9913 0
9914 0
9915 0
9916 0
9917 0
9918 2
9919 485
9920 0
9921 0
9922 16
9923 2
9924 232
9925 580
9926 0
9927 2912
9928 0
9929 253
9930 0
9931 0
9932 6
9933 1107
9934 374
9935 0
9936 0
9937 2
9938 1
9939 0
9940 0
9941 0
9942 0
9943 158
9944 2
9945 62
9946 818
9947 3646
9948 0
9949 0
9950 0
9951 0
9952 0
9953 0
9954 0
9955 954
9956 0
9957 6
9958 0
9959 42
9960 0
9961 106
9962 0
9963 0
9964 0
9965 1
9966 0
9967 3025
9968 0
9969 0
9970 0
9971 3215
9972 2
9973 3
9974 0
9975 0
9976 0
9977 0
9978 0
9979 3624
9980 0
9981 0
9982 1076
9983 0
9984 0
9985 2
9986 672
9987 25
9988 0
9989 0
9990 0
9991 1
9992 965
9993 46
9994 13
9995 0
9996 0
9997 0
9998 442
9999 0
