6
42
61
119
134
138
148
191
235
242
252
274
277
296
340
341
372
373
416
427
435
476
528
549
559
572
586
671
690
719
754
758
780
795
811
848
915
958
970
988
1029
1036
1103
1128
1137
1141
1144
1177
1188
1208
1212
1223
1238
1286
1320
1435
1436
1440
1447
1455
1463
1493
1529
1562
1613
1697
1704
1713
1769
1796
1832
1833
1835
1871
1916
1928
1978
1983
2007
2012
2023
2076
2142
2163
2275
2345
2365
2438
2442
2449
2511
2517
2555
2594
2603
2660
2725
2770
2840
2895
2900
2943
3035
3039
3064
3119
3122
3132
3141
3187
3201
3216
3229
3292
3340
3384
3398
3417
3475
3487
3540
3549
3558
3566
3576
3618
3635
3640
3660
3682
3692
3701
3728
3748
3750
3814
3838
3881
3912
3957
3974
3983
3995
4004
4009
4057
4119
4163
4203
4230
4337
4343
4386
4398
4440
4467
4478
4487
4517
4521
4577
4607
4610
4613
4656
4689
4693
4703
4742
4769
4791
4807
4825
4829
4854
4919
4937
4995
5003
5028
5052
5094
5104
5122
5136
5148
5161
5220
5241
5242
5246
5343
5345
5354
5379
5388
5402
5406
5413
5460
5505
5568
5579
5618
5663
5666
5676
5678
5679
5707
5722
5727
5742
5767
5792
5800
5804
5839
5849
5889
5951
6042
6064
6114
6115
6126
6148
6157
6219
6273
6279
6285
6291
6364
6397
6427
6468
6471
6492
6498
6516
6556
6621
6663
6681
6687
6691
6724
6734
6754
6790
6798
6843
6846
6872
6952
6982
7007
7056
7066
7079
7086
7101
7150
7183
7199
7237
7260
7282
7319
7330
7384
7416
7465
7681
7722
7723
7789
7808
7818
7844
7860
7913
7914
7920
7928
7977
8043
8067
8125
8204
8233
8249
8255
8262
8300
8388
8414
8456
8479
8490
8525
8572
8580
8604
8623
8640
8662
8671
8686
8689
8707
8745
8808
8810
8819
8824
8846
8858
8885
8894
8906
8928
8937
8949
8951
8980
9049
9131
9187
9241
9283
9295
9369
9401
9403
9410
9432
9441
9501
9504
9506
9515
9524
9531
9542
9545
9567
9597
9638
9663
9691
9693
9720
9730
9750
9751
9753
9797
9805
9811
9868
9901
9936
10011
10023
10034
10063
10068
10070
10091
10097
10183
10244
10294
10354
10364
10373
10375
10398
10425
10445
10451
10454
10504
10505
10534
10535
10551
10552
10554
10563
10661
10677
10698
10714
10725
10757
10832
10857
10867
10882
10888
10920
10924
10979
10990
11021
11044
11051
11059
11094
11105
11116
11163
11199
11221
11229
11236
11276
11303
11325
11332
11370
11372
11410
11415
11461
11462
11477
11511
11514
11554
11602
11622
11624
11628
11655
11657
11677
11684
11721
11753
11774
11828
11840
11952
11983
11992
12028
12035
12039
12076
12086
12101
12131
12153
12158
12176
12179
12240
12241
12304
12359
12392
12446
12453
12466
12473
12500
12514
12523
12535
12536
12570
12597
12601
12622
12672
12698
12701
12759
12787
12793
12818
12860
12892
12912
12941
13005
13027
13039
13065
13141
13172
13200
13264
13325
13330
13349
13357
13370
13406
13412
13432
13433
13447
13513
13517
13541
13573
13695
13704
13718
13731
13739
13815
13822
13823
13836
13846
13882
13949
13976
13982
13993
14118
14160
14180
14214
14223
14224
14307
14332
14336
14377
14389
14407
14425
14484
14526
14599
14681
14699
14723
14742
14772
14780
14829
14835
14837
14874
14928
14961
15009
15022
15026
15035
15071
15073
15146
15148
15161
15163
15169
15250
15257
15359
15383
15410
15411
15413
15419
15425
15487
15494
15513
15559
15579
15584
15638
15656
15690
15757
15769
15794
15819
15830
15832
15870
15919
15926
15933
15952
15955
15996
16021
16056
16064
16065
16082
16099
16109
16154
16158
16172
16193
16208
16247
16297
16325
16342
16411
16419
16422
16441
16449
16564
16566
16586
16635
16649
16673
16685
16714
16740
16751
16792
16828
16845
16881
16966
16967
16993
16997
17046
17059
17091
17123
17143
17153
17163
17182
17198
17205
17226
17243
17282
17283
17307
17309
17310
17353
17362
17460
17505
17517
17529
17556
17557
17599
17607
17653
17654
17687
17708
17736
17749
17763
17779
17792
17796
17905
17965
17971
17982
18037
18060
18105
18120
18168
18178
18262
18271
18321
18354
18369
18395
18455
18463
18469
18527
18530
18541
18590
18662
18667
18723
18773
18777
18817
18865
18874
18891
18912
18918
18921
18922
18932
18946
18969
19065
19072
19081
19089
19115
19136
19141
19154
19204
19224
19230
19256
19426
19478
19480
19526
19534
19565
19574
19596
19647
19650
19653
19656
19661
19662
19663
19688
19730
19750
19759
19764
19810
19836
19901
19908
19930
19941
19947
19999
20018
20044
20050
20072
20105
20123
20127
20214
20244
20260
20293
20312
20318
20321
20351
20397
20403
20407
20461
20515
20545
20557
20621
20625
20643
20644
20646
20694
20726
20818
20825
20912
20947
20973
20989
21007
21033
21074
21101
21135
21145
21181
21263
21265
21277
21330
21342
21353
21428
21450
21480
21505
21517
21541
21583
21597
21599
21601
21617
21706
21807
21810
21830
21836
21845
21851
21858
21877
21898
21925
21971
21985
22031
22042
22079
22134
22215
22216
22221
22269
22289
22327
22375
22426
22431
22470
22485
22505
22551
22563
22577
22582
22590
22648
22663
22699
22712
22741
22888
22889
22892
22893
22894
22901
22923
22955
22986
23007
23069
23073
23146
23197
23216
23270
23319
23322
23344
23393
23415
23448
23511
23532
23540
23543
23544
23550
23557
23568
23572
23612
23665
23686
23701
23713
23725
23738
23777
23796
23797
23801
23805
23826
23846
23877
23896
23922
23963
23965
23971
23973
23987
24014
24031
24059
24154
24243
24256
24260
24309
24322
24410
24425
24433
24436
24451
24453
24470
24532
24536
24583
24647
24652
24710
24748
24781
24840
24860
24861
25026
25039
25042
25069
25184
25198
25225
25240
25249
25413
25415
25429
25456
25466
25493
25528
25544
25623
25628
25660
25684
25692
25703
25710
25716
25747
25770
25778
25843
25889
25913
25971
26188
26220
26262
26353
26359
26371
26399
26402
26411
26436
26463
26470
26588
26629
26650
26722
26762
26773
26781
26796
26844
26869
26943
26970
26972
27004
27017
27024
27033
27045
27076
27078
27124
27127
27129
27143
27147
27158
27160
27185
27196
27254
27289
27344
27387
27407
27419
27427
27461
27519
27582
27656
27688
27708
27711
27712
27719
27774
27828
27852
27864
27916
28009
28010
28048
28117
28171
28196
28215
28222
28232
28235
28253
28263
28325
28335
28409
28436
28508
28521
28529
28562
28563
28570
28571
28575
28578
28686
28693
28705
28709
28792
28794
28807
28822
28824
28870
28899
28928
28962
28966
29028
29067
29107
29133
29143
29163
29165
29195
29216
29235
29259
29287
29306
29329
29348
29351
29352
29386
29403
29445
29446
29458
29481
29580
29581
29630
29634
29636
29649
29662
29676
29707
29708
29724
29733
29734
29751
29767
29796
29805
29821
29830
29866
29895
29928
29949
29968
29999
30002
30018
30027
30044
30046
30090
30099
30113
30128
30139
30141
30189
30216
30258
30282
30300
30329
30365
30372
30401
30419
30448
30554
30654
30664
30694
30705
30712
30756
30822
30901
30917
30926
30947
30966
31011
31020
31071
31107
31150
31151
31189
31227
31242
31251
31371
31432
31448
31450
31452
31480
31506
31526
31529
31548
31615
31624
31658
31679
31688
31689
31744
31746
31753
31758
31810
31831
31866
31893
31909
31920
31928
31930
31974
31987
31995
32039
32098
32104
32129
32147
32181
32229
32239
32245
32278
32284
32300
32351
32360
32381
32384
32398
32406
32409
32422
32459
32467
32488
32493
32525
32534
32536
32553
32562
32569
32596
32612
32613
32614
32684
32701
32748
32789
32812
32851
32859
32880
32945
32969
32974
33022
33058
33062
33111
33119
33121
33129
33141
33160
33200
33202
33256
33269
33303
33418
33424
33443
33481
33486
33493
33532
33544
33546
33587
33595
33688
33692
33693
33716
33788
33816
33858
33892
33900
33901
33922
33946
33991
33993
34004
34024
34051
34082
34111
34150
34165
34183
34199
34213
34227
34260
34286
34287
34307
34309
34317
34323
34338
34419
34520
34526
34557
34562
34569
34621
34648
34657
34678
34761
34794
34809
34836
34858
34928
34949
34985
35001
35052
35096
35111
35130
35195
35276
35319
35325
35342
35401
35436
35490
35518
35551
35612
35631
35647
35713
35725
35740
35741
35753
35762
35765
35795
35818
35855
35903
35926
35933
35982
35998
36000
36031
36043
36045
36047
36053
36091
36092
36179
36201
36253
36284
36288
36313
36353
36356
36375
36382
36423
36430
36450
36508
36512
36542
36586
36627
36630
36638
36653
36665
36779
36820
36822
36865
36877
36925
37001
37060
37068
37082
37099
37130
37164
37193
37218
37269
37272
37277
37292
37316
37355
37369
37374
37375
37390
37411
37421
37442
37447
37455
37460
37505
37511
37534
37536
37555
37557
37565
37573
37606
37622
37657
37681
37721
37738
37762
37781
37799
37902
37921
37927
37956
37960
37990
37991
38003
38034
38036
38050
38058
38180
38228
38245
38246
38264
38284
38306
38316
38324
38360
38364
38389
38434
38438
38443
38460
38483
38491
38523
38546
38587
38616
38657
38661
38684
38740
38771
38777
38786
38795
38848
38891
38967
38982
39014
39103
39176
39204
39213
39224
39234
39263
39288
39295
39320
39356
39387
39422
39435
39481
39496
39533
39569
39578
39604
39620
39646
39681
39701
39739
39741
39820
39841
39910
39932
39959
40012
40063
40104
40116
40125
40136
40139
40182
40221
40228
40235
40237
40277
40278
40307
40324
40332
40393
40412
40418
40448
40459
40474
40476
40502
40592
40602
40643
40668
40701
40703
40715
40718
40765
40787
40792
40801
40864
40899
40907
40908
40917
40927
40939
40950
40973
41031
41049
41052
41071
41151
41177
41208
41210
41215
41226
41269
41273
41288
41320
41324
41377
41393
41403
41411
41435
41436
41452
41455
41461
41489
41525
41535
41553
41570
41590
41594
41625
41663
41664
41675
41714
41839
41952
41986
42000
42004
42007
42018
42037
42042
42043
42048
42061
42079
42095
42125
42131
42234
42262
42282
42310
42327
42368
42369
42413
42416
42418
42424
42445
42476
42528
42535
42615
42627
42687
42709
42719
42722
42741
42759
42784
42809
42826
42831
42857
42881
42900
42916
42931
42956
42988
42994
43126
43169
43175
43181
43196
43200
43237
43255
43260
43271
43302
43315
43340
43348
43377
43379
43411
43417
43466
43472
43473
43475
43493
43500
43512
43520
43559
43578
43593
43622
43680
43723
43739
43780
43793
43833
43836
43853
43872
43885
43888
43895
43928
43933
43966
43983
44000
44086
44102
44121
44176
44260
44272
44284
44340
44360
44371
44375
44385
44415
44431
44487
44518
44541
44564
44669
44730
44763
44786
44787
44839
44854
44863
44926
44944
45011
45028
45031
45059
45097
45112
45124
45141
45148
45246
45267
45283
45295
45301
45304
45318
45320
45321
45344
45367
45368
45383
45502
45504
45520
45550
45594
45597
45615
45618
45622
45655
45681
45730
45735
45738
45780
45785
45822
45826
45859
45876
45928
45940
45944
45961
45985
46020
46022
46036
46057
46068
46078
46120
46122
46149
46161
46178
46205
46242
46270
46287
46292
46307
46340
46344
46384
46415
46462
46506
46517
46519
46528
46537
46574
46592
46610
46649
46681
46721
46734
46748
46768
46783
46795
46802
46817
46828
46837
46853
46869
46999
47026
47031
47038
47120
47187
47207
47218
47250
47252
47258
47321
47341
47354
47374
47388
47406
47501
47542
47589
47603
47609
47611
47618
47642
47649
47683
47693
47728
47732
47749
47800
47806
47852
47874
48034
48036
48054
48081
48096
48107
48118
48148
48153
48154
48218
48226
48235
48271
48297
48307
48327
48346
48402
48430
48435
48436
48457
48473
48480
48489
48505
48523
48572
48591
48629
48683
48738
48772
48774
48778
48822
48827
48905
48917
48926
48957
49009
49043
49055
49082
49104
49131
49146
49166
49189
49194
49203
49214
49299
49311
49336
49353
49360
49389
49437
49473
49479
49497
49522
49525
49527
49539
49594
49612
49613
49619
49699
49722
49726
49752
49795
49810
49822
49846
49864
49892
49896
49904
49924
49928
49934
49949
49962
49985
50005
50030
50090
50118
50174
50213
50268
50300
50320
50363
50429
50432
50446
50448
50475
50545
50555
50582
50666
50710
50732
50751
50754
50832
50848
50863
50889
50901
50907
50910
50933
50934
50962
50980
51026
51058
51067
51119
51154
51269
51273
51278
51313
51323
51344
51350
51381
51388
51409
51426
51441
51471
51550
51623
51628
51633
51637
51681
51691
51701
51702
51746
51811
51826
51856
51857
51863
51875
51998
52040
52057
52137
52160
52175
52188
52221
52229
52259
52266
52288
52293
52317
52369
52380
52398
52404
52433
52450
52475
52516
52547
52548
52611
52648
52667
52687
52697
52789
52838
52852
52860
52875
52908
52943
53088
53091
53104
53111
53114
53153
53155
53160
53169
53180
53231
53232
53237
53295
53339
53392
53471
53472
53483
53484
53508
53567
53636
53640
53674
53697
53706
53742
53749
53764
53766
53788
53795
53797
53807
53851
53855
53944
53970
53971
53987
54020
54037
54046
54072
54087
54115
54149
54163
54164
54190
54250
54278
54318
54330
54331
54337
54355
54363
54374
54380
54442
54480
54482
54507
54509
54518
54546
54581
54645
54682
54689
54695
54717
54786
54821
54822
54916
54945
55013
55114
55116
55134
55145
55146
55166
55177
55202
55222
55257
55286
55316
55368
55400
55423
55433
55437
55440
55474
55490
55500
55531
55541
55604
55655
55663
55673
55678
55684
55703
55704
55732
55758
55819
55821
55842
55857
55863
55892
55899
55907
55978
55988
55994
56026
56054
56112
56115
56178
56208
56217
56233
56262
56268
56298
56308
56353
56359
56389
56455
56497
56524
56530
56542
56585
56609
56614
56635
56650
56673
56676
56689
56756
56771
56809
56873
56891
56908
56924
56937
56984
57013
57019
57021
57042
57069
57093
57099
57187
57222
57225
57228
57241
57251
57282
57284
57311
57314
57348
57421
57453
57458
57465
57505
57510
57530
57550
57584
57640
57657
57681
57754
57797
57801
57815
57838
57856
57919
57943
57968
57986
57991
58022
58052
58087
58088
58130
58172
58287
58314
58317
58326
58328
58362
58397
58423
58434
58478
58501
58522
58592
58610
58618
58668
58670
58698
58724
58745
58752
58769
58783
58830
58835
58860
58937
58938
58974
58978
58998
59029
59094
59107
59112
59149
59179
59202
59214
59228
59248
59358
59387
59390
59417
59437
59476
59482
59525
59554
59562
59573
59597
59624
59674
59676
59708
59767
59780
59870
59884
59894
59958
59979
