6 426774.0
42 41137.0
61 144767.0
119 573247.0
134 529763.0
138 2338.0
148 6332.0
191 672562.0
235 499479.0
242 1186101.0
252 494.0
274 0.0
277 387499.0
296 431324.0
340 14569.0
341 104803.0
372 542212.0
373 69794.0
416 121360.0
427 477988.0
435 33342.0
476 1828.0
528 583054.0
549 393533.0
559 261106.0
572 787282.0
586 3292.0
671 491.0
690 629478.0
719 1881448.0
754 5169.0
758 929645.0
780 311860.0
795 435601.0
811 417749.0
848 626569.0
915 309455.0
958 232740.0
970 564773.0
988 1158403.0
1036 11009.0
1128 637969.0
1137 328653.0
1141 81141.0
1144 1990.0
1177 641131.0
1188 739051.0
1208 215678.0
1212 26500.0
1223 148981.0
1238 337.0
1286 422076.0
1320 26710.0
1435 522528.0
1436 157886.0
1440 2266.0
