1 1
2 1
3 1
4 1
5 1
6 1
8 1
12 1
13 1
14 1
19 1
28 1
29 1
31 1
32 1
33 1
36 1
39 1
40 1
44 1
45 1
47 1
48 1
51 1
52 1
54 1
58 1
60 1
62 1
63 1
66 1
68 1
77 1
80 1
81 1
82 1
83 1
86 1
89 1
91 1
92 1
95 1
98 1
104 1
107 1
108 1
109 1
111 1
113 1
118 1
120 1
122 1
126 1
127 1
130 1
133 1
136 1
137 1
140 1
143 1
149 1
151 1
152 1
157 1
166 1
167 1
168 1
170 1
171 1
172 1
173 1
176 1
177 1
180 1
185 1
189 1
191 1
192 1
195 1
201 1
202 1
205 1
206 1
208 1
209 1
215 1
220 1
221 1
223 1
224 1
229 1
231 1
240 1
246 1
247 1
249 1
250 1
251 1
252 1
255 1
256 1
265 1
268 1
270 1
271 1
273 1
274 1
275 1
279 1
282 1
284 1
296 1
305 1
309 1
314 1
315 1
316 1
318 1
319 1
323 1
328 1
330 1
332 1
338 1
339 1
344 1
346 1
349 1
354 1
355 1
362 1
363 1
364 1
365 1
366 1
367 1
373 1
382 1
383 1
385 1
387 1
388 1
389 1
392 1
394 1
396 1
404 1
405 1
406 1
407 1
409 1
410 1
414 1
418 1
420 1
421 1
423 1
425 1
427 1
428 1
431 1
432 1
433 1
435 1
437 1
440 1
442 1
445 1
452 1
460 1
474 1
477 1
478 1
482 1
483 1
484 1
488 1
493 1
496 1
499 1
0 2
20 2
22 2
23 2
27 2
41 2
43 2
49 2
56 2
59 2
90 2
97 2
112 2
116 2
123 2
129 2
139 2
145 2
158 2
174 2
175 2
179 2
196 2
230 2
233 2
245 2
253 2
263 2
266 2
294 2
300 2
313 2
317 2
333 2
335 2
340 2
377 2
381 2
391 2
399 2
419 2
439 2
458 2
467 2
473 2
480 2
495 2
497 2
50 3
110 3
115 3
117 3
121 3
131 3
144 3
153 3
213 3
218 3
226 3
242 3
267 3
280 3
285 3
297 3
298 3
302 3
326 3
351 3
352 3
371 3
379 3
397 3
441 3
443 3
444 3
449 3
455 3
468 3
491 3
498 3
46 4
67 4
87 4
141 4
142 4
148 4
204 4
238 4
278 4
329 4
343 4
361 4
372 4
413 4
415 4
430 4
459 4
463 4
469 4
10 5
21 5
53 5
96 5
161 5
184 5
219 5
254 5
261 5
289 5
378 5
411 5
476 5
26 6
35 6
38 6
72 6
100 6
211 6
227 6
232 6
260 6
353 6
357 6
461 6
217 7
243 7
290 7
307 7
331 7
429 7
9 8
37 8
103 8
214 8
264 8
286 8
327 8
390 8
401 8
417 8
42 9
88 9
101 9
200 9
241 9
269 9
345 9
475 9
74 10
79 10
350 10
169 11
322 11
368 11
462 11
146 12
210 12
325 12
341 12
426 12
135 13
186 13
310 13
347 13
395 13
65 14
165 14
207 14
304 14
436 14
490 14
162 15
288 15
479 15
222 17
465 17
403 18
456 18
375 19
73 20
160 20
422 20
76 21
244 21
485 21
55 23
301 23
408 23
334 24
398 24
486 24
17 26
70 26
212 27
64 28
178 28
188 29
190 29
78 31
386 31
134 32
197 32
94 34
132 34
159 34
299 34
446 35
337 36
119 37
312 38
183 39
281 39
198 42
438 42
128 43
450 43
248 47
308 51
360 55
138 58
114 67
448 68
102 70
105 72
291 74
75 75
150 75
464 79
295 80
71 87
306 87
61 88
272 89
34 90
471 91
369 92
393 98
470 102
154 104
30 106
374 107
84 111
147 120
203 139
494 139
187 140
356 140
454 143
402 150
181 151
376 165
235 172
239 174
156 175
25 199
164 199
237 200
57 219
106 223
163 226
155 233
225 233
311 256
348 258
193 287
69 327
466 328
287 338
457 361
293 392
451 394
15 410
416 426
258 494
182 510
492 561
277 617
216 619
276 636
453 782
24 783
257 893
292 911
336 941
228 959
18 1017
262 1075
321 1116
303 1431
124 2022
380 2180
424 2188
324 2227
93 2348
370 2461
7 2928
125 4135
358 4274
359 4516
487 6063
412 7400
447 8925
342 9721
434 9844
384 10967
85 11453
11 12875
234 12884
194 16776
283 33623
236 49464
99 63978
320 68088
400 69878
472 93139
481 148890
489 149516
259 177937
16 182104
199 802318
