2000000
4000000
500
0 2
1 1
2 1
3 1
4 1
5 1
6 1
7 2928
8 1
9 8
10 5
11 12875
12 1
13 1
14 1
15 410
16 182104
17 26
18 1017
19 1
20 2
21 5
22 2
23 2
24 783
25 199
26 6
27 2
28 1
29 1
30 106
31 1
32 1
33 1
34 90
35 6
36 1
37 8
38 6
39 1
40 1
41 2
42 9
43 2
44 1
45 1
46 4
47 1
48 1
49 2
50 3
51 1
52 1
53 5
54 1
55 23
56 2
57 219
58 1
59 2
60 1
61 88
62 1
63 1
64 28
65 14
66 1
67 4
68 1
69 327
70 26
71 87
72 6
73 20
74 10
75 75
76 21
77 1
78 31
79 10
80 1
81 1
82 1
83 1
84 111
85 11453
86 1
87 4
88 9
89 1
90 2
91 1
92 1
93 2348
94 34
95 1
96 5
97 2
98 1
99 63978
100 6
101 9
102 70
103 8
104 1
105 72
106 223
107 1
108 1
109 1
110 3
111 1
112 2
113 1
114 67
115 3
116 2
117 3
118 1
119 37
120 1
121 3
122 1
123 2
124 2022
125 4135
126 1
127 1
128 43
129 2
130 1
131 3
132 34
133 1
134 32
135 13
136 1
137 1
138 58
139 2
140 1
141 4
142 4
143 1
144 3
145 2
146 12
147 120
148 4
149 1
150 75
151 1
152 1
153 3
154 104
155 233
156 175
157 1
158 2
159 34
160 20
161 5
162 15
163 226
164 199
165 14
166 1
167 1
168 1
169 11
170 1
171 1
172 1
173 1
174 2
175 2
176 1
177 1
178 28
179 2
180 1
181 151
182 510
183 39
184 5
185 1
186 13
187 140
188 29
189 1
190 29
191 1
192 1
193 287
194 16776
195 1
196 2
197 32
198 42
199 802318
200 9
201 1
202 1
203 139
204 4
205 1
206 1
207 14
208 1
209 1
210 12
211 6
212 27
213 3
214 8
215 1
216 619
217 7
218 3
219 5
220 1
221 1
222 17
223 1
224 1
225 233
226 3
227 6
228 959
229 1
230 2
231 1
232 6
233 2
234 12884
235 172
236 49464
237 200
238 4
239 174
240 1
241 9
242 3
243 7
244 21
245 2
246 1
247 1
248 47
249 1
250 1
251 1
252 1
253 2
254 5
255 1
256 1
257 893
258 494
259 177937
260 6
261 5
262 1075
263 2
264 8
265 1
266 2
267 3
268 1
269 9
270 1
271 1
272 89
273 1
274 1
275 1
276 636
277 617
278 4
279 1
280 3
281 39
282 1
283 33623
284 1
285 3
286 8
287 338
288 15
289 5
290 7
291 74
292 911
293 392
294 2
295 80
296 1
297 3
298 3
299 34
300 2
301 23
302 3
303 1431
304 14
305 1
306 87
307 7
308 51
309 1
310 13
311 256
312 38
313 2
314 1
315 1
316 1
317 2
318 1
319 1
320 68088
321 1116
322 11
323 1
324 2227
325 12
326 3
327 8
328 1
329 4
330 1
331 7
332 1
333 2
334 24
335 2
336 941
337 36
338 1
339 1
340 2
341 12
342 9721
343 4
344 1
345 9
346 1
347 13
348 258
349 1
350 10
351 3
352 3
353 6
354 1
355 1
356 140
357 6
358 4274
359 4516
360 55
361 4
362 1
363 1
364 1
365 1
366 1
367 1
368 11
369 92
370 2461
371 3
372 4
373 1
374 107
375 19
376 165
377 2
378 5
379 3
380 2180
381 2
382 1
383 1
384 10967
385 1
386 31
387 1
388 1
389 1
390 8
391 2
392 1
393 98
394 1
395 13
396 1
397 3
398 24
399 2
400 69878
401 8
402 150
403 18
404 1
405 1
406 1
407 1
408 23
409 1
410 1
411 5
412 7400
413 4
414 1
415 4
416 426
417 8
418 1
419 2
420 1
421 1
422 20
423 1
424 2188
425 1
426 12
427 1
428 1
429 7
430 4
431 1
432 1
433 1
434 9844
435 1
436 14
437 1
438 42
439 2
440 1
441 3
442 1
443 3
444 3
445 1
446 35
447 8925
448 68
449 3
450 43
451 394
452 1
453 782
454 143
455 3
456 18
457 361
458 2
459 4
460 1
461 6
462 11
463 4
464 79
465 17
466 328
467 2
468 3
469 4
470 102
471 91
472 93139
473 2
474 1
475 9
476 5
477 1
478 1
479 15
480 2
481 148890
482 1
483 1
484 1
485 21
486 24
487 6063
488 1
489 149516
490 14
491 3
492 561
493 1
494 139
495 2
496 1
497 2
498 3
499 1
