baidu_build_trace_1_NIC_400W_from_5000W_simple 88 8 1 245019 291.9732459436557 26.160392513199795 26.937735648107786
baidu_build_trace_2_NIC_400W_from_5000W_simple 88 8 1 719176 356.5311665415965 59.99806786461702 61.89603824283647
baidu_build_trace_3_NIC_400W_from_5000W_simple 88 8 1 1228351 384.7273386873023 83.44975612008871 86.63577409666446
baidu_build_trace_4_NIC_400W_from_5000W_simple 88 8 1 1627276 388.5438453122313 96.05466197558253 100.1523885315768
baidu_build_trace_5_NIC_400W_from_5000W_simple 88 8 1 1914446 381.31272143343824 103.11997502827779 107.39690833671916
baidu_build_trace_6_NIC_400W_from_5000W_simple 88 8 1 2138161 372.9286926219801 107.33543949241638 111.77984865038297
baidu_build_trace_7_NIC_400W_from_5000W_simple 88 8 1 2307169 363.18756593972 110.01426424563779 114.52030516848814
caida_real_build_trace_2_NIC_400W_from_2000W_simple 88 8 1 135646 200.89662313720578 8.924508766790638 9.903076240358223
caida_real_build_trace_4_NIC_400W_from_2000W_simple 88 8 1 265457 242.74163586641166 23.074096804779803 26.17307840374875
caida_real_build_trace_6_NIC_400W_from_2000W_simple 88 8 1 451790 284.85635525723944 41.03401656947217 47.38632271982331
caida_real_build_trace_8_NIC_400W_from_2000W_simple 88 8 1 725964 336.72240782347455 62.33834029108955 73.5838268386175
caida_real_build_trace_10_NIC_400W_from_2000W_simple 88 8 1 834467 299.1226727926299 63.861820862960954 75.53947125220002
caida_real_build_trace_12_NIC_400W_from_2000W_simple 88 8 1 878244 268.5190078430016 64.85462257877278 76.49410570568122
caida_real_build_trace_14_NIC_400W_from_2000W_simple 88 8 1 977900 254.03245315359138 67.25439378447508 79.49990786545521
caida_real_build_trace_16_NIC_400W_from_2000W_simple 88 8 1 1006578 237.3673237929097 68.75153519130845 81.01695731934284
caida_real_build_trace_18_NIC_400W_from_2000W_simple 88 8 1 1086430 229.434035538361 72.53104458289172 84.03315518568415
caida_real_build_trace_20_NIC_400W_from_2000W_simple 88 8 1 1178073 225.11488380185736 77.03537876508666 87.68886945479646
caida_real_build_trace_22_NIC_400W_from_2000W_simple 88 8 1 1266447 222.5922999622106 82.40753980781915 91.72989933767886
