74 0 0 0 3
180 0 0 0 4
86 0 0 0 11
320 0 0 0 12
217 0 0 0 17
450 0 0 0 18
56 0 0 0 19
73 0 0 0 20
260 0 0 0 21
402 0 0 0 24
394 0 0 0 26
402 0 74 0 101
419 1 74 0 102
297 2 71 0 103
212 3 70 0 104
170 4 68 0 105
217 5 68 0 106
373 6 68 0 107
357 7 64 0 108
74 8 62 0 109
41 9 61 0 110
170 10 130 1 182
113 11 130 0 183
180 12 125 0 184
382 13 124 0 185
430 14 123 0 186
170 15 195 2 259
190 16 194 0 260
263 17 194 0 261
73 18 193 0 262
170 19 264 3 336
74 20 264 1 337
73 21 261 1 339
382 22 259 1 340
86 23 257 0 341
403 24 255 0 342
402 25 255 1 343
497 26 254 0 344
180 27 253 1 345
40 28 253 0 346
260 29 251 0 347
430 30 250 1 348
451 31 248 0 349
483 31 248 0 350
430 27 318 2 425
447 25 316 0 426
77 25 316 0 427
483 26 314 1 428
379 27 314 0 429
230 28 308 0 430
41 29 308 0 431
272 30 308 0 432
86 31 305 1 433
114 32 302 0 434
417 33 299 0 435
379 34 369 1 506
451 35 369 1 507
83 36 369 0 508
208 37 369 0 509
56 38 368 0 510
373 39 367 0 511
268 40 367 0 512
497 41 367 1 513
52 42 366 0 514
382 43 366 2 515
297 44 366 0 516
419 45 366 0 517
382 46 440 3 592
194 47 440 0 593
451 48 436 2 594
70 49 436 0 595
277 50 435 0 596
74 51 433 1 597
170 52 433 3 598
271 53 433 0 599
451 54 504 3 671
194 55 504 1 672
451 56 578 4 748
170 57 576 4 749
40 58 575 1 750
451 59 649 5 825
337 60 648 0 826
272 61 647 1 827
252 59 643 0 828
170 59 643 4 829
52 59 643 1 830
93 60 642 0 831
113 61 641 0 832
4 62 641 0 833
373 63 641 1 834
40 64 641 2 835
41 65 641 1 836
194 66 640 2 837
83 67 640 1 838
322 68 639 0 839
426 69 636 0 840
430 70 636 2 841
180 71 636 1 842
483 72 634 2 843
170 73 696 5 906
113 74 698 1 909
382 75 697 3 910
170 76 767 6 983
170 77 843 7 1060
86 78 843 2 1061
180 79 842 2 1062
222 80 842 0 1063
74 81 842 2 1064
194 82 842 3 1065
74 83 917 3 1141
194 84 915 4 1142
497 85 912 2 1143
74 86 986 4 1218
426 87 986 1 1219
113 88 986 2 1220
114 89 986 1 1221
497 90 983 3 1222
434 91 982 0 1223
357 92 982 0 1224
180 93 982 3 1225
426 94 1052 2 1296
194 95 1051 5 1297
426 96 1125 3 1373
430 97 1121 3 1374
379 98 1121 2 1375
426 99 1194 4 1450
116 100 1194 0 1451
417 101 1194 1 1452
426 102 1268 5 1527
260 102 1268 1 1528
222 101 1267 1 1529
204 101 1267 0 1530
451 102 1266 6 1531
113 103 1265 3 1532
197 104 1265 0 1533
447 105 1261 1 1534
52 106 1260 2 1535
62 107 1260 0 1536
74 108 1258 5 1537
426 109 1324 6 1604
382 110 1318 4 1605
451 111 1320 7 1608
224 112 1320 0 1609
170 113 1318 7 1610
20 114 1316 0 1611
379 115 1315 3 1612
497 116 1314 4 1613
382 117 1382 5 1682
114 118 1382 2 1683
77 119 1382 1 1684
397 120 1381 0 1685
403 121 1381 1 1686
430 122 1380 4 1687
403 123 1450 2 1763
194 124 1450 6 1764
41 125 1450 2 1765
180 126 1450 4 1766
39 127 1450 0 1767
150 125 1428 0 1768
419 123 1426 1 1769
170 123 1426 7 1770
52 122 1425 3 1771
74 121 1424 5 1772
113 119 1422 4 1773
83 120 1422 2 1774
426 121 1420 7 1775
450 122 1416 0 1776
40 123 1416 2 1777
296 124 1415 0 1778
217 125 1414 0 1779
402 126 1412 0 1780
263 127 1412 0 1781
217 126 1429 1 1856
426 126 1429 8 1857
430 123 1426 3 1858
451 122 1425 7 1859
86 122 1425 1 1860
170 122 1425 8 1861
141 123 1423 0 1862
83 124 1422 3 1863
194 125 1422 7 1864
194 126 1498 8 1941
131 127 1498 0 1942
194 127 1511 9 2018
268 127 1511 1 2019
417 127 1511 1 2020
430 127 1511 4 2021
426 127 1511 9 2022
430 127 1586 5 2098
113 127 1586 5 2099
73 123 1581 0 2100
170 124 1580 9 2101
86 125 1580 2 2102
403 126 1580 2 2103
180 127 1579 4 2104
430 127 1582 6 2175
497 126 1581 3 2176
152 125 1580 0 2177
113 124 1579 6 2178
74 124 1576 5 2179
114 125 1576 2 2180
170 126 1575 9 2181
451 127 1575 6 2182
86 127 1511 3 2183
116 127 1511 1 2184
450 127 1436 1 2185
62 126 1434 1 2186
217 127 1434 2 2187
194 125 1360 8 2188
41 123 1358 2 2189
56 122 1357 0 2190
180 118 1353 5 2191
194 116 1424 8 2265
277 115 1423 0 2266
77 115 1423 1 2267
83 116 1423 2 2268
170 117 1423 8 2269
402 118 1420 1 2270
426 119 1419 9 2271
267 120 1419 0 2272
77 121 1490 2 2344
497 122 1490 4 2345
263 123 1489 1 2346
373 124 1488 0 2347
170 125 1487 9 2348
426 126 1487 10 2349
74 127 1485 6 2350
373 127 1517 1 2424
296 127 1515 1 2425
83 127 1515 3 2426
74 127 1443 7 2427
86 124 1364 3 2428
180 124 1364 4 2429
62 124 1364 2 2430
373 125 1432 2 2501
74 126 1434 7 2504
297 127 1434 0 2505
417 126 1363 2 2506
180 126 1356 5 2507
77 127 1355 3 2508
297 127 1363 1 2582
379 127 1363 2 2583
426 125 1361 10 2584
180 125 1361 6 2585
77 124 1359 4 2586
83 125 1359 4 2587
190 126 1357 0 2588
194 127 1357 7 2589
177 126 1290 0 2590
190 127 1362 1 2665
217 125 1289 3 2666
113 126 1289 4 2667
451 127 1289 4 2668
426 127 1218 8 2669
417 127 1218 3 2670
108 127 1216 0 2671
430 127 1144 5 2672
170 124 1141 7 2673
260 124 1141 0 2674
373 121 1138 3 2675
86 121 1138 4 2676
70 122 1135 0 2677
268 123 1135 1 2678
194 124 1134 7 2679
204 125 1134 0 2680
190 126 1194 2 2742
194 127 1207 8 2756
180 126 1149 6 2757
497 125 1148 3 2758
180 125 1223 7 2834
382 124 1222 1 2835
56 124 1219 1 2836
180 125 1293 8 2911
217 126 1292 4 2912
83 127 1292 5 2913
170 127 1231 7 2914
56 127 1231 2 2915
70 127 1231 1 2916
113 127 1231 4 2917
430 126 1229 5 2918
430 127 1305 6 2995
56 127 1232 3 2996
450 125 1230 2 2997
268 125 1230 2 2998
83 124 1229 6 2999
208 124 1229 0 3000
180 123 1228 8 3001
373 123 1228 4 3002
114 123 1228 1 3003
39 122 1227 0 3004
379 122 1227 1 3005
194 122 1227 8 3006
402 122 1227 2 3007
430 121 1290 7 3072
497 122 1290 3 3073
268 123 1287 3 3075
379 124 1293 2 3082
180 125 1293 9 3083
74 126 1291 4 3084
204 127 1290 1 3085
170 125 1227 7 3086
450 125 1227 2 3087
357 125 1227 0 3088
373 124 1226 5 3089
131 124 1226 1 3090
373 124 1301 6 3166
170 125 1299 7 3167
222 126 1299 0 3168
208 127 1298 1 3169
451 127 1228 2 3170
306 127 1228 0 3171
