10000
200
100000
0 103
1 508
2 1
3 1
4 1
5 1
6 131
7 1
8 256
9 1
10 1
11 1
12 43
13 11
14 159
15 1
16 1
17 1
18 3
19 1
20 15
21 1
22 1
23 1
24 1
25 1
26 1
27 1
28 1
29 1
30 1
31 12
32 24
33 1
34 1
35 191
36 1
37 1
38 14
39 5
40 1
41 109
42 17
43 321
44 1
45 1
46 1
47 1
48 533
49 1
50 58
51 1
52 1
53 30
54 1
55 1
56 11
57 1
58 1
59 1
60 11
61 1
62 9
63 1
64 711
65 4
66 3
67 1
68 1
69 160
70 1
71 1
72 1
73 303
74 1
75 1
76 319
77 51
78 1
79 206
80 1
81 1
82 1
83 1
84 1
85 2
86 1
87 33
88 1
89 8
90 11
91 1
92 2
93 1
94 16
95 1
96 170
97 1
98 1
99 1
100 1
101 1
102 53
103 1
104 1
105 518
106 1
107 1
108 1
109 420
110 1
111 1
112 7
113 1
114 35
115 506
116 14
117 1
118 1
119 4
120 6
121 19
122 17
123 1
124 75
125 1
126 119
127 2
128 1
129 1
130 1
131 1
132 1
133 1
134 1
135 1
136 1
137 3
138 1
139 1
140 590
141 1
142 1
143 1
144 1
145 157
146 1
147 10
148 1
149 1
150 1
151 1
152 1
153 1
154 1
155 1
156 1
157 1
158 1
159 540
160 1
161 1
162 1
163 1
164 118
165 1
166 1
167 1
168 1
169 54
170 1
171 1
172 293
173 1
174 1
175 279
176 7
177 16
178 1
179 7
180 1
181 1
182 1
183 1
184 431
185 249
186 1
187 66
188 1
189 1
190 1
191 1
192 1
193 94
194 1
195 1
196 1
197 583
198 166
199 1
