0 41
8 184
9 48
10 115
20 41
27 48
37 73
38 159
47 105
51 48
52 197
53 6
54 96
58 197
69 6
83 159
115 193
116 105
117 79
121 115
126 73
138 109
140 115
163 87
167 197
168 1
183 1
193 76
194 188
208 64
217 109
226 57
233 43
235 185
238 76
267 159
268 185
279 77
301 69
314 197
320 115
325 109
327 43
331 48
341 120
348 105
350 64
355 1
364 79
369 41
391 76
400 105
418 141
440 1
450 105
460 73
464 102
467 73
477 64
478 140
488 64
489 185
491 159
527 147
528 172
530 145
536 197
539 64
546 169
550 8
560 73
563 48
600 73
617 1
618 159
622 73
638 64
642 48
644 48
659 109
674 76
677 8
686 31
733 53
738 1
751 64
754 124
757 1
761 50
766 64
773 48
778 43
789 184
795 79
799 140
800 48
805 140
806 64
819 76
821 96
830 64
837 187
844 197
845 105
846 184
860 87
873 53
885 43
891 159
895 140
901 1
918 197
926 175
927 159
946 48
956 109
958 64
963 184
965 1
983 79
1000 76
1002 1
1003 145
1018 79
1036 1
1069 48
1097 12
1101 73
1107 76
1108 175
1117 115
1118 187
1124 140
1155 197
1178 73
1180 43
1181 105
1185 1
1194 159
1201 1
1206 124
1207 184
1208 109
1232 12
1267 105
1271 109
1281 198
1296 41
1307 140
1317 140
1321 69
1373 97
1377 77
1379 105
1388 42
1392 159
1398 159
1400 140
1408 140
1414 1
1441 197
1446 197
1448 6
1449 48
1453 73
1458 172
1468 197
1480 159
1490 48
1506 175
1523 193
1554 43
1561 109
1589 115
1595 109
1602 43
1605 76
1608 64
1609 1
1613 43
1621 0
1633 76
1663 96
1683 159
1703 197
1709 184
1712 184
1723 64
1735 109
1745 109
1750 145
1759 115
1772 48
1780 105
1804 109
1817 184
1841 179
1856 140
1865 172
1873 184
1877 197
1883 198
1889 159
1910 73
1926 197
1927 184
1931 129
1934 140
1936 140
1965 76
1966 159
1971 172
1977 64
1983 102
2005 64
2007 8
2047 184
2056 76
2062 105
2065 0
2090 105
2124 159
2142 1
2143 116
2144 105
2147 197
2151 79
2154 109
2164 43
2165 87
2170 77
2171 8
2177 35
2179 96
2188 185
2193 89
2194 159
2204 172
2235 114
2256 184
2258 76
2259 8
2291 184
2293 48
2315 41
2323 79
2345 126
2351 159
2353 105
2356 35
2370 115
2379 140
2387 169
2408 47
2434 14
2435 43
2450 105
2452 1
2457 140
2463 115
2470 140
2516 87
2519 198
2520 48
2524 105
2533 43
2543 159
2547 172
2549 109
2550 115
2567 79
2568 172
2572 126
2591 76
2613 1
2620 41
2621 64
2628 184
2649 60
2662 197
2666 96
2671 73
2674 41
2681 35
2684 76
2690 105
2700 145
2721 185
2724 115
2728 115
2745 198
2747 184
2758 73
2759 184
2760 159
2762 64
2764 48
2771 1
2772 43
2780 105
2781 197
2790 114
2792 119
2815 41
2823 48
2849 145
2857 105
2864 105
2872 12
2887 105
2901 8
2902 175
2920 1
2926 115
2943 197
2946 42
2959 0
2960 53
2998 164
3009 159
3012 76
3028 48
3039 41
3044 145
3052 184
3055 35
3063 43
3081 184
3115 96
3118 96
3124 76
3125 1
3129 79
3131 73
3144 126
3156 64
3169 197
3193 109
3194 73
3195 1
3214 105
3216 159
3247 184
3259 159
3272 164
3278 64
3300 109
3308 69
3321 197
3346 43
3349 64
3359 48
3362 96
3364 175
3403 172
3409 60
3411 60
3414 175
3431 48
3442 140
3447 53
3485 109
3519 1
3521 64
3528 159
3536 48
3547 14
3559 109
3573 145
3575 43
3585 197
3600 100
3620 1
3639 193
3654 140
3657 184
3661 0
3662 115
3666 175
3670 53
3674 109
3686 105
3692 64
3694 140
3696 175
3702 175
3718 1
3725 43
3728 79
3742 64
3743 197
3750 187
3761 43
3800 140
3830 64
3832 145
3833 184
3837 1
3857 140
3873 197
3894 43
3897 79
3900 64
3901 102
3902 105
3903 172
3904 13
3914 48
3919 114
3920 48
3935 105
3936 105
3939 184
3943 48
3957 175
3959 73
3961 64
3980 53
3981 198
3985 159
4001 198
4006 140
4036 128
4038 198
4041 35
4047 164
4062 1
4072 8
4084 48
4092 115
4109 60
4121 172
4130 197
4132 35
4133 48
4139 109
4140 12
4152 48
4154 115
4182 172
4226 105
4227 172
4259 1
4280 48
4283 48
4299 159
4300 79
4333 105
4365 115
4370 185
4384 105
4385 115
4389 43
4405 140
4417 64
4425 48
4430 43
4435 140
4449 197
4457 73
4458 122
4469 109
4470 185
4471 69
4489 105
4496 159
4501 135
4509 0
4518 109
4520 184
4523 8
4552 197
4554 184
4555 198
4561 197
4576 1
4590 159
4591 115
4593 4
4606 1
4612 105
4620 197
4627 140
4628 145
4633 175
4634 197
4639 1
4650 76
4662 140
4663 184
4666 197
4687 96
4694 197
4697 8
4703 159
4713 159
4716 159
4719 109
4720 184
4721 184
4724 96
4725 79
4761 172
4778 42
4788 43
4806 197
4824 50
4826 48
4827 187
4833 197
4835 43
4845 42
4853 184
4856 48
4869 48
4889 164
4901 76
4929 159
4938 73
4939 197
4962 140
4967 198
4996 48
5003 69
5015 145
5031 1
5032 105
5037 64
5059 197
5069 198
5073 64
5094 64
5107 8
5124 184
5148 197
5169 193
5181 172
5192 43
5203 175
5213 105
5220 145
5231 48
5282 85
5287 79
5301 48
5303 48
5309 140
5311 64
5350 184
5382 96
5388 48
5394 27
5398 109
5404 73
5407 64
5421 169
5422 175
5424 147
5441 140
5457 185
5469 175
5497 96
5508 76
5509 1
5515 1
5523 159
5570 193
5576 159
5590 89
5598 197
5615 185
5623 197
5630 140
5634 79
5663 1
5664 76
5703 115
5718 115
5736 159
5752 6
5753 87
5754 109
5757 96
5760 1
5774 172
5776 64
5777 164
5788 64
5799 8
5803 109
5807 1
5815 8
5822 8
5829 105
5839 14
5850 43
5853 109
5882 109
5891 8
5892 73
5897 41
5906 69
5911 197
5920 64
5933 198
5940 76
5969 105
5971 8
5972 109
5999 105
6010 109
6017 43
6035 48
6039 115
6045 48
6059 159
6074 35
6083 198
6085 64
6107 126
6109 79
6111 140
6113 169
6131 115
6134 105
6149 140
6169 76
6179 90
6182 73
6212 64
6223 115
6230 94
6233 48
6234 115
6243 105
6263 198
6264 96
6271 185
6273 8
6274 169
6278 1
6286 0
6287 175
6288 105
6289 116
6290 140
6291 109
6300 79
6301 105
6312 140
6320 184
6352 64
6363 96
6367 140
6369 124
6398 96
6400 79
6416 184
6437 8
6438 164
6445 43
6447 115
6460 96
6461 115
6472 198
6480 7
6482 1
6490 184
6491 32
6496 159
6525 73
6533 109
6553 1
6555 105
6558 159
6566 12
6575 79
6587 76
6588 185
6593 140
6595 197
6603 43
6607 76
6615 6
6625 0
6626 64
6627 77
6637 1
6655 43
6676 76
6678 43
6687 140
6700 38
6713 118
6753 43
6760 175
6788 50
6803 64
6813 76
6814 140
6825 0
6839 197
6843 164
6851 115
6876 197
6883 185
6894 115
6895 184
6898 64
6917 184
6932 115
6933 43
6944 1
6947 87
6948 96
6949 96
6950 115
6970 43
6980 48
6988 140
6993 73
6997 126
6998 43
7000 35
7005 1
7009 175
7016 0
7036 159
7045 109
7053 105
7062 184
7082 43
7085 35
7088 73
7091 185
7101 145
7104 184
7105 105
7126 197
7156 184
7197 126
7199 140
7232 79
7246 124
7248 175
7251 64
7275 48
7276 109
7277 1
7279 48
7281 193
7312 76
7324 184
7327 109
7343 183
7359 140
7372 105
7399 48
7401 96
7416 41
7417 64
7419 0
7432 109
7460 140
7491 90
7492 115
7495 115
7508 64
7514 1
7519 184
7523 109
7527 43
7540 6
7551 109
7558 64
7562 64
7575 177
7587 140
7591 109
7594 185
7603 184
7626 48
7631 43
7660 12
7680 69
7681 14
7699 115
7709 14
7714 64
7768 69
7779 64
7785 159
7788 145
7798 79
7804 65
7805 140
7807 175
7813 8
7820 43
7826 115
7827 1
7850 105
7857 197
7870 185
7875 184
7886 109
7920 48
7940 48
7944 159
7954 172
7960 179
7982 172
7988 175
7990 140
7997 96
8000 159
8001 43
8003 48
8016 140
8017 197
8020 172
8022 197
8035 79
8041 35
8047 115
8062 76
8063 145
8064 159
8065 64
8073 73
8076 197
8079 48
8083 76
8097 140
8111 184
8114 140
8123 73
8126 159
8210 109
8218 175
8244 184
8254 159
8256 102
8270 50
8279 105
8283 115
8285 164
8288 140
8298 48
8321 50
8351 197
8356 13
8358 140
8366 6
8367 145
8369 164
8376 48
8390 48
8403 124
8437 130
8438 175
8443 140
8448 76
8466 77
8470 122
8476 64
8477 69
8478 43
8484 53
8499 159
8508 140
8509 73
8510 197
8522 109
8540 112
8558 73
8578 64
8591 8
8603 1
8627 172
8650 76
8651 109
8665 8
8700 115
8704 69
8707 0
8758 8
8777 77
8792 64
8804 198
8840 109
8846 76
8857 1
8879 197
8907 43
8913 159
8939 184
8945 64
8947 197
8970 140
8975 64
8978 14
8981 105
8983 175
8991 8
8995 64
9011 185
9017 73
9019 105
9021 87
9036 48
9040 52
9060 48
9067 43
9073 147
9079 105
9097 20
9106 96
9114 115
9116 48
9117 43
9118 140
9140 109
9146 198
9151 105
9164 48
9175 96
9178 112
9183 76
9185 48
9187 35
9189 68
9229 69
9230 96
9237 176
9238 197
9246 102
9251 115
9255 48
9257 35
9272 197
9290 8
9293 140
9309 169
9321 8
9325 48
9326 64
9347 197
9351 48
9362 64
9382 76
9404 64
9415 64
9439 140
9442 1
9447 12
9470 197
9478 48
9489 8
9516 69
9561 35
9562 197
9567 105
9575 73
9580 73
9590 105
9605 69
9621 197
9642 198
9650 109
9652 48
9657 48
9662 48
9668 96
9670 126
9674 175
9675 102
9678 64
9682 145
9685 114
9697 115
9701 184
9711 48
9714 198
9729 48
9740 1
9772 184
9777 96
9787 96
9788 175
9789 69
9801 79
9820 1
9827 102
9834 48
9839 197
9841 1
9845 50
9846 35
9848 185
9852 1
9873 32
9882 105
9886 159
9896 64
9905 185
9915 1
9919 159
9926 115
9929 124
9942 42
9943 140
9945 197
9996 64
10005 108
10009 198
10010 184
10035 64
10038 115
10051 105
10062 6
10080 64
10084 184
10091 159
10092 197
10093 197
10096 43
10106 56
10132 115
10136 184
10137 193
10154 185
10163 115
10169 140
10171 184
10172 105
10184 184
10185 115
10188 69
10190 48
10191 197
10198 185
10213 8
10226 43
10252 197
10266 76
10271 43
10272 159
10275 184
10277 50
10278 69
10280 140
10285 169
10290 105
10291 193
10299 197
10309 1
10312 64
10313 109
10318 24
10321 14
10324 56
10344 76
10355 105
10357 43
10362 48
10369 115
10378 159
10385 53
10389 159
10405 48
10415 64
10429 96
10443 199
10450 140
10459 14
10460 184
10465 8
10514 105
10522 43
10524 175
10538 0
10555 159
10559 184
10570 126
10571 14
10585 8
10586 184
10592 64
10604 14
10616 196
10618 48
10622 172
10629 159
10632 185
10642 105
10648 14
10671 64
10685 175
10688 198
10700 43
10709 1
10711 64
10715 35
10716 115
10719 184
10727 76
10736 159
10748 35
10749 140
10750 35
10756 172
10783 140
10787 1
10797 69
10815 64
10830 198
10834 115
10835 43
10836 48
10854 96
10855 14
10856 76
10864 140
10865 48
10868 124
10879 140
10882 76
10890 122
10891 184
10896 48
10903 1
10908 8
10909 35
10943 1
10957 193
10963 48
10978 156
10999 115
11000 185
11013 105
11029 115
11058 197
11059 185
11060 96
11068 35
11069 140
11076 197
11083 35
11087 140
11093 48
11111 109
11130 1
11147 76
11154 14
11158 6
11159 48
11170 8
11184 64
11205 184
11242 79
11244 172
11250 175
11287 73
11292 185
11320 197
11322 8
11329 1
11353 1
11357 48
11369 105
11372 6
11378 64
11388 159
11412 198
11413 105
11419 43
11420 73
11432 41
11433 64
11446 105
11455 140
11481 159
11485 20
11497 76
11500 197
11501 64
11503 172
11504 6
11518 43
11525 48
11541 185
11543 79
11561 109
11566 83
11568 140
11590 115
11604 76
11634 193
11635 79
11637 140
11643 187
11649 105
11659 8
11664 105
11672 8
11689 1
11692 109
11698 48
11699 76
11721 76
11727 185
11763 115
11781 185
11785 64
11794 73
11799 48
11806 64
11808 105
11810 64
11812 1
11824 76
11830 64
11838 124
11842 43
11845 159
11858 79
11882 6
11892 43
11898 159
11910 48
11918 43
11938 1
11939 105
11943 185
11944 197
11945 184
11946 105
11967 115
11977 43
11979 159
11980 115
11984 124
11991 159
11994 159
12008 64
12009 185
12010 164
12013 159
12015 197
12037 172
12039 6
12041 197
12050 73
12058 79
12070 145
12071 187
12074 140
12075 172
12079 1
12081 140
12096 105
12103 48
12106 197
12117 17
12138 140
12141 48
12142 48
12143 102
12145 73
12147 43
12148 198
12149 109
12167 197
12195 105
12212 64
12223 73
12263 35
12270 140
12284 105
12294 105
12298 115
12307 105
12316 64
12354 76
12358 96
12376 115
12379 64
12390 159
12397 64
12402 145
12403 159
12421 35
12433 50
12448 1
12452 115
12453 175
12467 187
12491 65
12497 105
12500 140
12502 64
12503 1
12519 64
12522 14
12538 197
12560 64
12561 140
12607 1
12609 43
12637 48
12644 1
12647 109
12650 76
12654 184
12664 64
12674 96
12679 48
12703 14
12705 69
12706 105
12718 169
12745 122
12748 105
12754 43
12761 115
12774 115
12777 56
12791 50
12809 184
12819 193
12841 64
12865 185
12923 8
12942 0
12953 8
12972 159
12973 184
12978 48
12994 184
12999 197
13004 48
13005 159
13024 126
13059 43
13078 48
13101 48
13104 0
13116 43
13117 109
13121 197
13124 172
13126 79
13128 64
13147 1
13162 105
13177 197
13222 96
13223 175
13232 126
13242 69
13244 184
13250 140
13261 140
13265 35
13266 105
13277 35
13278 48
13302 64
13305 1
13308 164
13330 35
13331 172
13340 184
13359 76
13375 79
13386 115
13393 185
13408 159
13410 175
13413 197
13415 176
13447 87
13463 105
13465 185
13474 1
13483 193
13503 64
13510 140
13519 175
13540 175
13559 0
13566 193
13567 126
13568 64
13576 109
13584 159
13588 140
13606 134
13619 102
13629 53
13636 76
13648 48
13653 172
13654 140
13664 159
13671 105
13673 6
13714 125
13718 185
13726 64
13752 172
13756 184
13757 193
13758 105
13765 109
13766 115
13799 159
13806 8
13810 76
13837 159
13841 140
13843 73
13852 175
13856 48
13897 73
13901 159
13902 140
13916 184
13936 175
13945 96
13951 1
13961 140
13974 48
13992 140
13998 140
14014 43
14021 14
14040 8
14057 109
14059 35
14095 109
14108 6
14111 198
14117 115
14124 1
14131 182
14153 126
14157 115
14167 73
14169 159
14173 159
14194 184
14208 1
14209 48
14219 6
14226 140
14228 8
14234 140
14247 140
14253 115
14265 184
14278 109
14279 184
14283 8
14301 198
14326 198
14338 48
14364 43
14388 193
14392 159
14398 73
14401 76
14405 64
14414 35
14415 48
14421 164
14430 145
14435 105
14464 64
14473 48
14478 140
14485 73
14486 109
14512 1
14513 164
14514 6
14515 76
14520 105
14540 175
14602 184
14612 197
14631 185
14642 35
14655 8
14656 1
14663 94
14669 1
14693 64
14696 1
14709 184
14712 159
14725 14
14729 8
14737 69
14741 64
14752 159
14766 159
14768 64
14769 73
14770 73
14771 147
14775 197
14779 140
14794 172
14803 184
14813 8
14828 69
14840 77
14844 48
14849 197
14861 164
14866 175
14870 79
14881 105
14887 64
14888 43
14901 197
14902 1
14904 48
14906 48
14908 8
14913 198
14928 175
14937 140
14941 20
14944 138
14948 184
14950 109
14959 145
14962 6
14964 1
14968 64
14993 64
15008 14
15009 172
15012 102
15021 35
15026 172
15028 35
15029 197
15036 140
15045 145
15091 140
15095 175
15097 197
15102 184
15122 64
15143 0
15152 43
15159 172
15165 73
15169 14
15184 43
15188 140
15236 126
15237 105
15248 197
15270 76
15278 172
15285 96
15286 197
15293 96
15296 64
15321 76
15334 35
15339 115
15344 140
15350 145
15351 12
15367 64
15370 197
15379 140
15401 64
15411 115
15438 197
15443 105
15445 159
15454 109
15464 76
15474 69
15475 115
15481 64
15482 76
15491 32
15500 109
15512 109
15519 175
15532 1
15533 96
15534 159
15545 124
15566 126
15570 115
15579 14
15585 164
15586 43
15587 77
15590 164
15609 187
15621 0
15666 198
15676 48
15679 41
15680 109
15684 64
15692 64
15727 105
15728 145
15729 14
15730 124
15732 159
15743 109
15744 48
15747 8
15748 64
15750 48
15764 184
15795 76
15799 1
15807 169
15812 109
15821 126
15828 159
15836 1
15843 73
15847 69
15858 14
15859 43
15862 126
15867 69
15868 79
15869 105
15873 14
15876 109
15881 64
15887 64
15889 159
15899 43
15900 172
15901 1
15916 64
15933 105
15939 64
15943 172
15944 115
15945 198
15955 140
15960 109
15970 1
15983 140
15984 172
15988 126
15994 185
16002 76
16004 76
16013 6
16014 102
16023 14
16050 159
16054 115
16070 185
16071 1
16072 14
16080 96
16084 184
16122 1
16126 198
16153 8
16169 1
16181 79
16188 1
16215 140
16234 140
16235 6
16243 140
16255 184
16260 198
16264 105
16266 64
16270 159
16272 145
16297 87
16310 50
16311 184
16314 32
16333 76
16338 197
16351 109
16358 115
16364 79
16365 185
16378 197
16382 1
16415 69
16417 43
16418 76
16423 79
16425 145
16426 0
16472 145
16475 38
16480 0
16502 69
16503 48
16506 14
16517 184
16531 197
16544 69
16555 0
16556 159
16560 105
16567 14
16580 145
16590 48
16591 164
16611 172
16625 64
16633 115
16640 145
16650 197
16654 159
16656 76
16658 197
16659 64
16670 64
16674 1
16684 115
16696 1
16704 43
16705 172
16706 115
16707 69
16709 35
16710 76
16732 140
16736 41
16738 109
16807 197
16811 184
16815 109
16816 35
16818 69
16819 159
16825 48
16829 79
16851 48
16875 197
16889 76
16913 197
16922 184
16927 105
16986 197
16987 184
16992 105
16994 115
16995 0
17005 41
17006 109
17046 102
17085 1
17089 35
17096 73
17097 64
17127 159
17128 1
17129 42
17142 64
17170 140
17174 126
17191 140
17194 76
17199 105
17203 197
17204 105
17207 184
17228 109
17234 48
17266 159
17275 48
17279 73
17300 159
17353 115
17360 64
17362 140
17364 79
17365 105
17376 1
17420 184
17475 1
17500 109
17515 140
17516 69
17520 193
17526 73
17532 69
17568 8
17587 175
17589 64
17591 64
17593 140
17596 184
17605 197
17612 73
17613 159
17621 197
17627 105
17667 76
17694 197
17697 76
17700 1
17702 6
17721 105
17768 126
17770 175
17773 64
17785 35
17786 76
17789 164
17791 62
17807 124
17821 126
17836 64
17837 159
17840 175
17848 73
17883 184
17888 48
17892 184
17904 73
17907 64
17908 193
17920 193
17932 87
17933 159
17949 115
17965 145
17975 159
17980 172
17998 6
18002 115
18007 64
18009 77
18013 76
18021 76
18039 8
18044 140
18059 126
18074 185
18089 48
18093 115
18107 105
18116 175
18119 115
18120 121
18122 76
18140 64
18142 115
18146 105
18148 105
18172 185
18173 48
18174 115
18181 115
18191 48
18193 109
18223 69
18233 137
18241 87
18246 69
18248 197
18263 140
18283 105
18289 115
18290 126
18299 159
18312 175
18318 175
18328 109
18330 41
18337 1
18351 48
18368 193
18369 140
18377 43
18378 64
18381 109
18382 159
18384 1
18394 184
18402 172
18405 14
18424 77
18455 1
18458 64
18459 115
18467 1
18501 159
18503 76
18534 35
18560 64
18571 73
18582 115
18586 48
18596 14
18599 140
18626 48
18630 53
18633 12
18649 185
18650 64
18667 14
18681 64
18684 69
18712 1
18725 43
18726 172
18732 140
18739 140
18760 159
18775 109
18789 89
18805 64
18818 43
18836 73
18862 48
18871 87
18873 105
18878 43
18880 115
18894 140
18896 159
18901 69
18914 175
18917 76
18922 115
18935 197
18943 184
18944 184
18952 115
18957 114
18963 145
18969 164
18972 159
18976 79
18978 48
18983 31
18984 14
18998 35
19002 6
19017 197
19023 43
19053 79
19056 140
19061 115
19071 64
19081 105
19086 64
19088 76
19103 14
19117 64
19135 14
19136 140
19141 48
19162 35
19167 76
19168 185
19171 64
19176 48
19177 42
19182 79
19189 105
19191 172
19203 76
19209 43
19215 69
19223 48
19228 48
19231 175
19242 112
19245 159
19286 73
19291 164
19294 69
19305 105
19307 172
19309 48
19311 115
19326 197
19350 140
19375 48
19381 66
19383 1
19391 96
19424 48
19435 14
19440 175
19474 175
19494 1
19549 197
19555 96
19562 73
19568 124
19613 109
19635 197
19637 109
19638 64
19642 175
19643 64
19657 1
19662 175
19694 159
19715 37
19717 145
19731 76
19744 159
19748 64
19755 140
19758 43
19772 79
19773 14
19774 76
19786 197
19788 64
19811 41
19860 8
19870 105
19890 76
19899 197
19908 43
19910 64
19911 66
19917 175
19919 109
19928 35
19935 124
19938 50
19939 102
19943 35
19967 115
19968 184
19984 38
20004 1
20024 105
20038 193
20045 8
20062 53
20076 48
20087 197
20101 184
20120 126
20127 76
20128 48
20143 48
20153 43
20158 193
20181 73
20210 109
20224 124
20240 73
20247 48
20256 193
20257 126
20298 96
20301 48
20307 109
20329 43
20338 185
20349 115
20350 187
20378 175
20383 64
20387 43
20390 73
20391 185
20412 140
20414 140
20417 172
20426 115
20433 79
20441 115
20446 25
20448 145
20450 1
20451 198
20458 105
20471 172
20475 126
20480 48
20492 48
20497 197
20506 64
20511 140
20554 14
20555 184
20559 1
20573 110
20578 53
20581 159
20590 105
20600 6
20616 115
20636 14
20648 8
20649 64
20663 41
20671 64
20672 105
20688 115
20722 48
20723 64
20734 109
20744 198
20745 6
20748 115
20749 76
20751 79
20778 1
20779 64
20780 140
20797 115
20828 184
20848 101
20865 115
20870 184
20882 159
20891 115
20905 6
20919 64
20920 140
20925 64
20930 159
20931 79
20940 0
20973 6
20997 1
21002 172
21021 64
21028 105
21040 197
21045 35
21049 115
21064 126
21074 48
21075 140
21103 197
21120 115
21147 140
21156 197
21165 48
21171 48
21177 197
21184 109
21193 185
21212 164
21234 185
21236 73
21237 172
21254 169
21255 12
21261 126
21277 184
21279 140
21289 115
21291 140
21293 197
21299 1
21303 48
21314 175
21327 172
21338 109
21345 197
21355 184
21356 77
21362 14
21366 73
21383 115
21385 79
21391 126
21396 185
21399 1
21403 115
21404 198
21429 140
21439 126
21451 76
21455 109
21480 64
21485 184
21503 140
21531 197
21538 140
21570 73
21579 140
21588 73
21594 184
21600 105
21618 159
21635 105
21639 197
21663 126
21668 126
21670 43
21686 169
21696 69
21697 121
21705 64
21710 172
21721 96
21727 8
21730 64
21738 48
21749 1
21755 159
21757 115
21758 187
21759 48
21764 140
21769 96
21776 1
21803 115
21810 79
21818 35
21836 172
21841 64
21845 48
21861 64
21862 109
21863 197
21887 115
21893 13
21905 198
21912 96
21913 145
21915 0
21917 159
21918 8
21922 96
21952 35
21986 1
21987 96
21988 184
22018 159
22022 76
22026 8
22027 64
22039 109
22044 164
22046 1
22061 64
22069 115
22075 64
22079 105
22089 109
22110 175
22123 8
22124 14
22132 197
22133 159
22150 159
22163 172
22167 197
22177 164
22208 12
22225 64
22228 140
22246 185
22248 164
22253 64
22270 175
22283 43
22290 124
22308 159
22322 126
22333 1
22334 96
22341 197
22396 35
22397 1
22398 48
22425 197
22427 48
22429 126
22430 105
22436 172
22453 76
22454 12
22464 197
22492 77
22494 76
22503 140
22512 64
22517 48
22525 124
22558 193
22565 115
22570 185
22575 115
22602 43
22619 159
22623 185
22631 145
22632 0
22643 187
22650 64
22654 64
22657 73
22660 48
22703 35
22731 79
22732 172
22755 76
22758 198
22766 96
22770 105
22782 159
22788 185
22789 43
22826 184
22836 197
22838 64
22839 0
22867 115
22884 159
22894 109
22908 185
22924 0
22935 105
23001 1
23015 64
23028 184
23044 197
23059 77
23086 175
23095 109
23101 64
23108 48
23109 105
23115 185
23117 140
23129 79
23150 8
23154 43
23155 6
23173 48
23174 73
23180 159
23183 87
23226 187
23247 69
23251 96
23268 32
23273 109
23274 145
23275 197
23304 76
23312 159
23319 77
23321 159
23322 185
23323 48
23330 64
23346 197
23350 175
23355 79
23373 1
23377 73
23408 1
23413 185
23433 184
23454 177
23457 48
23458 140
23459 159
23465 115
23480 197
23481 6
23493 64
23514 8
23530 79
23535 1
23538 53
23565 64
23573 184
23578 159
23579 197
23585 109
23587 184
23590 177
23601 175
23614 185
23619 8
23631 48
23633 35
23645 159
23682 76
23706 96
23716 64
23724 76
23730 73
23743 1
23745 140
23752 79
23756 197
23758 109
23764 184
23766 48
23767 172
23781 105
23785 50
23788 175
23799 140
23800 193
23804 172
23816 105
23819 184
23828 185
23837 109
23842 105
23847 175
23892 105
23898 164
23905 159
23969 115
23970 79
23973 177
23979 64
23980 185
23981 43
23991 175
24008 6
24028 64
24029 64
24031 1
24040 140
24042 76
24046 109
24047 145
24049 140
24050 184
24052 76
24063 8
24067 48
24070 159
24077 198
24081 172
24090 140
24118 115
24121 109
24150 76
24158 198
24187 1
24191 48
24192 140
24194 184
24196 1
24216 140
24217 159
24218 50
24221 48
24227 35
24228 79
24238 140
24240 35
24248 69
24249 184
24252 159
24261 96
24272 89
24296 140
24304 41
24332 184
24343 194
24358 105
24363 109
24368 64
24369 187
24379 105
24382 105
24385 8
24398 179
24406 35
24413 197
24415 185
24420 1
24424 79
24427 115
24436 79
24442 159
24448 64
24465 126
24492 43
24513 140
24515 105
24523 35
24524 1
24525 159
24526 197
24527 43
24537 35
24540 185
24578 64
24579 159
24582 73
24590 197
24595 198
24619 172
24628 140
24656 35
24663 76
24671 115
24687 105
24701 76
24703 79
24704 159
24706 115
24776 159
24780 126
24783 109
24784 185
24790 159
24827 140
24836 8
24843 76
24849 48
24850 159
24870 48
24880 48
24881 115
24883 140
24896 193
24897 8
24913 64
24919 184
24931 175
24934 35
24936 56
24938 1
24939 105
24945 64
24946 115
24971 50
24976 60
24977 0
24999 115
25010 64
25021 140
25031 8
25056 48
25064 140
25066 2
25067 115
25082 197
25148 48
25159 197
25181 6
25182 105
25194 124
25220 185
25225 159
25245 159
25254 73
25258 1
25259 48
25263 8
25274 42
25285 64
25289 64
25307 64
25309 197
25310 48
25313 79
25314 140
25345 126
25357 20
25359 73
25361 32
25364 105
25368 172
25372 159
25377 1
25383 73
25410 53
25411 175
25412 79
25422 105
25423 12
25424 64
25426 159
25463 109
25481 140
25484 117
25485 64
25494 172
25514 48
25515 184
25520 0
25521 64
25523 197
25526 0
25533 115
25534 185
25539 197
25544 31
25546 1
25568 140
25603 6
25604 172
25624 198
25631 105
25632 35
25648 197
25657 198
25660 105
25675 159
25677 96
25678 64
25683 105
25713 140
25726 159
25735 140
25750 50
25781 115
25788 41
25789 35
25797 35
25836 76
25860 159
25866 197
25876 197
25884 109
25903 8
25919 96
25924 41
25943 159
25948 8
25954 145
25958 79
25962 159
25974 102
25976 102
25979 105
25980 77
25991 64
25992 109
25993 164
26001 73
26002 79
26009 43
26017 184
26018 198
26026 105
26036 159
26038 159
26055 73
26056 115
26076 96
26077 8
26078 184
26099 1
26103 43
26104 73
26119 172
26120 115
26130 140
26138 198
26144 159
26145 175
26173 21
26177 109
26183 79
26187 140
26190 64
26192 14
26227 105
26231 73
26232 197
26233 1
26238 35
26244 187
26256 197
26257 64
26264 64
26280 43
26281 115
26313 43
26316 76
26321 184
26326 172
26330 14
26334 115
26335 172
26353 175
26354 48
26373 48
26374 159
26376 8
26402 172
26405 109
26416 79
26419 115
26429 76
26430 41
26432 96
26458 140
26468 115
26493 96
26494 175
26495 197
26504 43
26507 64
26508 197
26515 79
26573 76
26574 96
26576 105
26580 169
26601 159
26604 6
26606 48
26607 115
26609 184
26612 35
26613 64
26637 157
26643 185
26649 69
26650 109
26658 64
26659 172
26665 77
26670 185
26671 43
26693 1
26724 1
26737 105
26749 166
26752 105
26758 43
26760 184
26763 1
26789 41
26800 96
26830 187
26831 14
26832 14
26838 197
26845 172
26848 109
26866 198
26869 1
26892 1
26898 172
26919 197
26920 1
26921 159
26922 184
26932 184
26937 6
26940 26
26943 76
26953 6
26961 198
26967 184
26985 96
26986 159
27002 184
27024 159
27040 115
27043 64
27047 184
27050 29
27074 41
27094 197
27113 42
27116 184
27117 105
27118 64
27141 184
27147 185
27161 172
27162 197
27166 159
27167 184
27173 105
27179 121
27181 48
27190 105
27205 14
27209 197
27251 109
27253 184
27258 175
27308 73
27311 48
27315 12
27316 140
27320 185
27321 175
27326 140
27340 114
27344 172
27348 193
27355 76
27366 35
27369 184
27384 1
27385 48
27386 126
27390 197
27394 69
27403 48
27404 172
27446 64
27447 198
27448 184
27460 96
27473 172
27504 126
27522 197
27533 35
27537 76
27538 0
27543 184
27547 109
27549 76
27552 105
27578 35
27584 73
27626 31
27637 76
27640 64
27680 105
27699 8
27706 164
27714 6
27715 64
27722 140
27725 69
27727 115
27732 14
27740 140
27748 105
27768 35
27769 105
27787 64
27804 197
27824 198
27836 38
27841 43
27845 64
27846 140
27850 8
27853 172
27855 109
27858 105
27861 197
27886 48
27916 172
27921 187
27931 140
27953 197
27966 109
27972 164
27981 64
27991 197
27999 159
28000 126
28006 124
28007 64
28012 1
28022 197
28027 0
28029 145
28041 109
28094 115
28096 38
28099 43
28113 76
28122 1
28123 64
28159 73
28164 76
28179 105
28186 184
28194 159
28202 87
28224 1
28226 159
28242 115
28254 197
28260 64
28262 6
28265 126
28274 184
28292 1
28298 76
28301 20
28344 197
28365 76
28378 73
28424 184
28440 1
28443 1
28462 76
28481 115
28485 105
28488 41
28512 14
28522 184
28524 164
28533 172
28548 172
28550 115
28556 159
28557 185
28562 35
28600 73
28603 14
28615 115
28640 115
28644 48
28656 115
28677 79
28684 172
28694 1
28707 20
28715 14
28757 64
28762 1
28786 140
28790 115
28794 1
28797 38
28813 115
28820 109
28828 48
28858 109
28861 105
28863 43
28866 197
28889 115
28897 48
28917 115
28949 164
28956 197
28970 197
28972 172
28973 197
28980 64
28984 87
28991 12
28992 64
29001 1
29021 35
29040 69
29049 105
29050 197
29052 43
29073 8
29086 76
29087 184
29094 43
29115 41
29127 198
29136 172
29138 105
29166 35
29184 105
29188 105
29197 172
29198 35
29203 184
29229 79
29233 48
29235 140
29249 105
29253 64
29255 0
29269 96
29272 159
29273 64
29277 48
29293 1
29297 105
29300 184
29302 43
29307 64
29308 197
29310 96
29321 1
29329 197
29362 184
29365 175
29374 64
29385 175
29386 73
29388 1
29391 159
29393 159
29397 172
29412 105
29422 76
29441 140
29447 48
29457 43
29460 109
29467 43
29470 0
29471 12
29473 43
29475 35
29482 140
29488 184
29497 109
29512 184
29515 69
29524 140
29532 64
29548 35
29552 76
29553 109
29563 115
29575 1
29585 76
29594 175
29600 50
29601 124
29624 43
29625 76
29657 140
29668 64
29678 109
29692 14
29693 64
29695 109
29698 96
29700 140
29710 64
29714 43
29722 158
29730 109
29751 64
29757 96
29758 145
29774 140
29796 14
29808 41
29823 69
29826 115
29829 73
29830 197
29838 184
29843 79
29844 175
29866 140
29885 109
29893 8
29896 48
29902 184
29941 8
29944 197
29951 35
29954 8
29961 13
29965 145
29970 197
29987 8
29995 1
30034 126
30053 76
30055 116
30061 73
30077 124
30094 140
30100 6
30106 109
30114 8
30119 64
30122 197
30129 172
30146 185
30164 105
30165 140
30172 159
30192 140
30195 145
30198 106
30209 184
30210 175
30211 197
30223 140
30230 121
30243 172
30245 53
30255 140
30295 197
30302 64
30304 8
30306 175
30308 48
30309 62
30314 76
30315 145
30330 73
30336 8
30344 48
30357 172
30375 1
30376 169
30391 115
30400 159
30408 8
30418 164
30419 105
30430 197
30431 73
30432 102
30451 14
30454 115
30455 140
30457 159
30459 73
30472 185
30477 8
30482 197
30495 76
30522 6
30529 185
30539 6
30540 159
30542 64
30544 115
30552 184
30553 109
30561 1
30577 64
30595 197
30604 185
30613 109
30625 1
30628 14
30682 124
30689 140
30699 64
30733 184
30757 140
30774 48
30796 76
30809 76
30816 43
30817 109
30819 79
30820 1
30824 115
30854 169
30864 43
30866 12
30867 13
30868 64
30879 1
30887 109
30898 140
30899 184
30905 105
30924 6
30938 35
30940 96
30944 41
30948 109
30949 115
30956 159
30967 197
30982 35
30990 197
30994 175
30998 1
31005 185
31006 8
31007 79
31037 172
31048 79
31050 43
31053 48
31115 159
31122 197
31149 96
31162 31
31163 159
31190 79
31198 172
31209 126
31232 140
31234 0
31239 115
31242 184
31253 115
31258 1
31271 64
31276 105
31279 73
31288 193
31300 73
31301 43
31302 79
31306 185
31313 14
31329 73
31330 159
31333 77
31341 115
31359 76
31364 105
31365 175
31369 73
31372 105
31373 124
31375 127
31381 43
31412 8
31420 126
31425 124
31431 105
31437 64
31452 185
31459 77
31470 1
31480 61
31481 73
31486 145
31515 69
31540 175
31555 50
31580 115
31586 43
31605 73
31608 115
31613 1
31629 8
31632 140
31635 48
31646 197
31665 169
31668 73
31669 197
31678 115
31706 96
31708 164
31738 64
31740 145
31741 8
31755 164
31763 109
31766 197
31768 73
31775 184
31778 193
31785 1
31787 140
31813 35
31821 50
31838 187
31877 41
31880 73
31918 64
31923 115
31936 115
31941 184
31943 159
31947 175
31952 172
31962 109
31971 64
31983 105
31985 185
31986 109
31987 197
31994 87
31996 116
32005 187
32031 96
32040 105
32057 175
32077 197
32080 43
32095 159
32098 175
32112 159
32123 175
32132 48
32138 79
32145 172
32161 1
32162 197
32171 73
32174 73
32178 8
32210 105
32220 64
32231 8
32247 197
32248 109
32253 64
32254 126
32262 48
32271 73
32272 159
32287 79
32306 184
32314 69
32335 185
32344 185
32373 140
32396 159
32413 140
32423 169
32443 145
32454 193
32466 115
32477 102
32487 193
32494 137
32550 43
32559 116
32560 105
32561 79
32563 43
32572 13
32579 8
32585 64
32586 6
32593 115
32612 58
32621 115
32623 43
32630 96
32652 64
32655 96
32661 126
32664 175
32690 197
32698 105
32714 197
32725 175
32730 53
32738 159
32739 115
32740 159
32744 159
32751 1
32787 64
32807 6
32812 115
32816 77
32830 115
32840 76
32868 41
32872 105
32874 159
32885 79
32887 105
32913 198
32922 64
32930 115
32931 105
32933 109
32934 197
32952 96
32974 1
33003 175
33015 0
33033 105
33052 35
33054 48
33063 159
33067 140
33078 187
33079 1
33081 197
33101 8
33103 175
33105 64
33114 140
33116 197
33121 140
33126 64
33137 73
33142 43
33147 8
33149 109
33156 197
33170 64
33177 115
33189 172
33191 14
33210 187
33219 31
33227 164
33248 102
33256 177
33258 96
33261 159
33263 64
33265 172
33271 197
33297 43
33298 64
33317 197
33324 62
33325 41
33328 185
33332 105
33333 48
33344 184
33345 197
33376 48
33387 64
33389 48
33393 8
33399 140
33403 8
33411 197
33434 159
33440 140
33444 172
33447 73
33469 197
33475 159
33476 102
33481 73
33491 64
33498 48
33499 79
33510 64
33512 197
33514 1
33522 77
33535 114
33536 8
33540 140
33554 109
33559 64
33571 105
33578 1
33585 38
33600 140
33602 43
33603 172
33608 184
33610 73
33612 69
33614 96
33624 105
33630 64
33631 159
33632 0
33633 185
33650 109
33653 48
33657 197
33658 53
33662 1
33679 198
33680 69
33691 73
33695 8
33710 41
33715 164
33716 8
33724 115
33725 43
33727 175
33741 185
33743 159
33748 109
33759 159
33760 0
33761 172
33773 140
33784 1
33785 1
33788 1
33789 48
33792 198
33817 197
33834 198
33845 0
33855 185
33878 140
33920 114
33924 115
33933 90
33948 73
33951 73
33962 64
33971 177
33995 76
34007 175
34020 64
34024 109
34029 73
34038 76
34049 69
34054 8
34066 8
34086 64
34116 172
34119 105
34158 140
34173 115
34185 145
34224 164
34233 185
34242 109
34243 159
34258 185
34259 198
34260 64
34262 79
34265 145
34270 48
34283 126
34289 48
34298 184
34311 79
34314 159
34316 184
34321 35
34325 69
34368 172
34369 198
34399 1
34400 76
34439 76
34443 172
34445 121
34453 115
34468 140
34477 109
34480 43
34481 140
34493 184
34511 1
34515 187
34516 198
34538 64
34551 1
34567 175
34573 105
34577 43
34583 187
34593 197
34594 184
34610 140
34617 175
34625 114
34635 8
34640 35
34643 198
34646 62
34652 184
34661 140
34666 64
34677 159
34685 64
34691 145
34726 64
34728 109
34735 76
34752 164
34789 69
34793 43
34800 140
34812 48
34826 145
34864 14
34876 159
34883 105
34905 48
34912 64
34913 76
34914 89
34920 172
34929 48
34931 1
34936 8
34987 105
34993 48
35005 187
35009 35
35015 124
35027 43
35037 159
35051 50
35063 96
35065 184
35069 169
35075 198
35141 140
35159 64
35163 140
35191 73
35193 64
35220 197
35225 140
35249 76
35250 105
35256 1
35259 64
35280 79
35282 115
35283 35
35288 6
35292 159
35293 184
35312 172
35314 121
35334 64
35345 184
35349 140
35364 175
35365 193
35375 105
35382 116
35389 197
35393 48
35396 184
35416 96
35424 193
35428 112
35439 185
35454 79
35458 145
35461 145
35503 172
35504 197
35526 105
35545 1
35549 197
35555 115
35568 1
35592 0
35593 43
35596 96
35610 73
35630 109
35634 177
35639 147
35648 48
35664 109
35681 198
35692 64
35700 43
35712 126
35713 73
35714 76
35734 96
35736 109
35745 14
35746 140
35751 64
35759 73
35767 115
35791 140
35795 96
35797 170
35842 172
35863 6
35867 140
35871 175
35876 159
35879 64
35880 184
35886 77
35887 1
35888 41
35894 185
35902 109
35928 115
35933 64
35941 115
35957 1
35968 115
36032 159
36040 105
36061 105
36074 14
36087 159
36098 8
36110 76
36117 126
36120 126
36168 185
36174 184
36178 8
36195 0
36199 54
36211 8
36214 105
36216 172
36218 102
36238 1
36239 43
36250 1
36263 43
36281 109
36288 105
36289 172
36314 0
36363 41
36368 1
36371 105
36385 50
36386 64
36387 14
36388 73
36392 140
36397 197
36398 184
36399 53
36419 109
36422 35
36423 64
36437 14
36438 172
36443 184
36457 76
36478 41
36481 124
36485 115
36486 121
36522 115
36538 35
36539 109
36540 197
36558 197
36564 64
36571 77
36572 105
36573 48
36574 126
36584 184
36611 159
36612 159
36617 105
36627 172
36646 102
36650 76
36651 164
36659 64
36663 105
36687 184
36688 185
36699 35
36709 0
36729 43
36739 69
36761 172
36768 140
36774 184
36775 197
36777 149
36784 96
36809 159
36814 105
36841 193
36848 94
36869 164
36876 79
36888 145
36894 187
36903 185
36909 73
36924 197
36937 73
36946 8
36963 64
36978 105
37009 76
37011 1
37021 64
37027 185
37032 76
37033 96
37043 48
37044 1
37054 76
37065 159
37067 64
37072 109
37073 175
37090 76
37091 193
37110 64
37111 197
37112 105
37123 197
37153 159
37157 35
37176 79
37194 140
37210 197
37213 43
37218 35
37221 175
37222 73
37232 64
37241 69
37262 48
37279 159
37313 64
37360 14
37366 172
37375 64
37388 187
37389 176
37393 64
37398 163
37408 96
37414 115
37416 164
37427 79
37447 48
37454 14
37463 164
37486 105
37489 1
37494 64
37504 64
37515 79
37529 76
37531 105
37547 172
37560 14
37575 35
37583 8
37591 38
37603 160
37610 64
37626 48
37637 48
37639 1
37657 14
37660 109
37675 187
37684 35
37693 1
37694 185
37714 126
37717 105
37725 35
37733 87
37735 140
37746 184
37750 76
37751 1
37753 197
37754 105
37757 64
37759 8
37762 48
37770 172
37787 87
37874 115
37878 77
37890 35
37893 175
37910 175
37937 193
37951 50
37977 69
37978 73
38004 164
38010 12
38017 36
38025 109
38034 184
38050 159
38055 6
38060 145
38090 48
38091 1
38103 1
38104 53
38110 145
38112 48
38116 96
38160 6
38161 39
38163 96
38166 1
38174 109
38178 140
38181 69
38199 114
38239 109
38247 115
38258 14
38259 159
38262 64
38303 6
38311 185
38317 48
38329 8
38330 79
38335 109
38344 1
38348 145
38353 35
38363 140
38376 79
38390 197
38396 140
38405 184
38406 197
38434 197
38443 115
38471 197
38480 8
38500 113
38508 140
38521 109
38545 159
38556 105
38559 76
38561 6
38566 8
38570 140
38624 109
38628 50
38630 18
38631 96
38634 184
38653 43
38657 159
38659 172
38667 12
38695 64
38716 115
38717 185
38720 159
38722 64
38732 48
38734 48
38741 126
38752 8
38755 159
38786 126
38803 69
38806 64
38811 48
38817 115
38826 8
38835 115
38836 73
38855 159
38857 109
38867 115
38871 198
38874 184
38885 73
38895 69
38901 8
38902 35
38920 41
38928 14
38929 179
38946 159
38947 184
38951 102
38964 175
38969 69
38974 1
38976 172
38978 1
38985 6
38992 79
39001 73
39019 64
39028 172
39029 175
39042 69
39044 64
39046 175
39052 35
39053 105
39102 147
39105 124
39129 48
39130 84
39134 184
39137 197
39143 69
39144 73
39148 105
39155 140
39156 64
39182 105
39201 69
39202 109
39205 105
39217 159
39230 177
39254 64
39255 140
39293 56
39302 64
39303 197
39317 124
39324 96
39328 73
39333 185
39343 6
39346 115
39349 14
39352 1
39372 32
39376 184
39377 43
39381 121
39383 64
39404 1
39434 197
39444 140
39459 145
39460 197
39479 105
39483 197
39484 43
39491 164
39543 115
39561 175
39575 115
39577 50
39601 1
39602 8
39603 184
39627 0
39637 115
39638 1
39641 198
39656 159
39671 20
39679 115
39683 73
39692 1
39701 175
39702 109
39703 159
39704 73
39715 64
39741 197
39762 73
39778 43
39779 48
39790 197
39791 111
39798 185
39803 169
39805 151
39811 56
39812 76
39833 164
39842 64
39846 87
39850 187
39852 109
39869 197
39870 159
39872 184
39882 197
39909 198
39912 73
39915 187
39921 172
39925 64
39927 121
39928 140
39933 48
39946 69
39958 109
39959 64
39973 105
39999 184
40003 48
40011 124
40017 140
40024 22
40033 159
40064 48
40073 159
40078 1
40080 115
40081 41
40082 38
40083 115
40087 187
40095 79
40101 175
40117 197
40124 35
40180 105
40182 1
40197 8
40207 159
40221 79
40248 48
40249 64
40250 119
40257 43
40260 184
40298 8
40300 109
40301 64
40304 79
40312 76
40321 64
40332 43
40334 40
40363 140
40364 175
40381 50
40384 115
40390 169
40391 43
40399 32
40410 69
40415 12
40425 76
40431 185
40437 172
40438 185
40439 8
40444 197
40449 43
40464 184
40470 159
40499 187
40521 8
40522 102
40535 145
40537 64
40546 140
40564 48
40631 48
40632 172
40639 64
40640 159
40644 197
40647 6
40651 48
40655 159
40658 12
40661 193
40666 184
40706 197
40712 105
40714 184
40726 64
40727 140
40739 14
40743 48
40744 184
40753 14
40757 197
40767 64
40768 159
40773 197
40776 145
40790 0
40791 8
40818 6
40822 140
40823 184
40831 0
40836 175
40838 175
40841 115
40881 115
40883 64
40886 48
40894 115
40900 197
40906 79
40915 64
40937 184
40940 48
40946 48
40950 14
40969 140
41021 43
41034 159
41039 175
41044 197
41047 14
41048 140
41049 197
41051 96
41052 115
41053 184
41057 1
41060 122
41071 69
41080 76
41087 109
41096 56
41108 105
41122 73
41125 197
41128 32
41135 140
41146 172
41180 140
41186 8
41198 175
41211 115
41212 193
41218 172
41223 48
41259 126
41261 175
41262 1
41290 140
41293 197
41304 69
41305 140
41334 105
41343 1
41372 109
41397 38
41412 185
41440 76
41455 64
41472 35
41500 41
41523 159
41555 172
41557 14
41568 1
41581 114
41588 185
41592 64
41593 76
41595 115
41598 43
41603 192
41622 197
41630 105
41633 43
41650 140
41682 1
41696 184
41711 140
41714 105
41723 198
41731 175
41737 48
41740 109
41742 43
41744 96
41748 115
41751 159
41775 79
41789 43
41796 175
41799 197
41825 105
41863 14
41873 1
41875 105
41881 14
41885 105
41899 159
41910 48
41937 43
41967 76
41970 105
41991 43
42009 48
42020 179
42027 193
42043 185
42045 185
42049 1
42058 48
42061 64
42062 140
42069 1
42086 32
42087 109
42088 64
42102 164
42111 64
42130 76
42131 105
42132 197
42144 197
42145 43
42161 79
42183 145
42206 79
42217 140
42243 172
42249 35
42250 64
42262 73
42276 73
42296 96
42298 64
42301 102
42314 172
42322 109
42334 76
42353 20
42356 35
42363 197
42371 140
42398 109
42402 140
42436 43
42453 102
42457 109
42458 115
42466 140
42483 109
42492 115
42501 172
42509 43
42516 164
42527 172
42531 35
42536 109
42541 140
42545 43
42555 197
42563 69
42564 75
42592 172
42596 14
42603 1
42614 115
42620 124
42660 109
42698 159
42721 109
42729 109
42730 140
42731 124
42732 145
42745 43
42756 105
42763 35
42767 0
42776 64
42793 109
42814 187
42818 1
42823 169
42824 73
42825 115
42831 169
42833 145
42861 73
42869 64
42900 64
42904 73
42914 193
42923 73
42925 0
42926 76
42928 77
42950 115
42953 172
42961 198
42971 140
42989 140
42994 6
43003 48
43005 184
43014 43
43034 197
43036 109
43047 76
43058 76
43063 79
43070 140
43084 126
43087 115
43099 115
43152 96
43166 96
43178 148
43181 64
43191 69
43210 184
43222 35
43224 64
43228 140
43240 105
43253 109
43256 198
43259 198
43273 64
43277 159
43279 197
43297 64
43299 73
43318 114
43355 172
43376 64
43383 159
43403 116
43435 69
43438 184
43440 159
43453 73
43461 64
43477 76
43484 187
43485 1
43542 115
43579 140
43599 76
43616 187
43620 32
43637 159
43645 1
43647 64
43657 145
43668 185
43694 8
43721 109
43723 1
43724 48
43726 109
43738 185
43751 164
43774 109
43778 104
43797 140
43809 43
43812 140
43846 197
43851 6
43852 105
43856 197
43864 109
43887 185
43889 159
43903 159
43910 185
43913 1
43919 159
43941 79
43955 14
43960 140
43970 175
43972 140
43976 105
44022 145
44026 105
44052 121
44063 140
44073 64
44078 1
44098 64
44108 8
44114 115
44122 48
44153 140
44161 109
44170 8
44205 197
44213 198
44215 185
44221 184
44224 67
44230 73
44247 115
44265 172
44266 115
44274 140
44278 115
44337 109
44345 1
44357 64
44362 41
44395 197
44396 115
44397 53
44407 184
44421 140
44436 159
44437 115
44440 184
44446 79
44454 145
44467 6
44477 184
44504 140
44505 197
44513 8
44517 115
44525 184
44551 76
44574 41
44578 184
44583 159
44599 64
44602 76
44642 197
44644 105
44653 197
44679 140
44682 105
44694 1
44695 115
44696 1
44697 109
44711 115
44714 175
44729 124
44739 115
44742 105
44743 96
44764 140
44765 14
44773 105
44778 69
44800 127
44811 96
44812 175
44822 197
44828 140
44833 105
44834 184
44847 48
44848 197
44853 76
44875 6
44888 159
44891 64
44892 79
44906 164
44912 79
44922 48
44923 109
44926 96
44943 193
44975 140
44981 8
45009 198
45016 126
45017 64
45030 109
45034 184
45035 105
45036 184
45045 175
45087 48
45088 184
45094 115
45116 140
45128 115
45150 142
45168 140
45171 198
45202 64
45203 64
45210 140
45212 14
45215 42
45232 184
45238 197
45257 105
45263 109
45266 109
45268 64
45269 175
45280 159
45284 115
45286 105
45291 48
45293 87
45308 6
45309 64
45312 140
45317 159
45319 64
45321 92
45327 69
45334 184
45345 197
45346 116
45351 48
45373 115
45374 1
45382 64
45401 105
45404 159
45408 1
45414 76
45427 184
45460 159
45465 14
45476 197
45494 109
45532 115
45538 0
45539 109
45542 43
45552 109
45557 1
45558 96
45561 1
45568 105
45585 184
45586 105
45596 197
45600 76
45603 115
45624 41
45638 8
45661 102
45668 140
45711 90
45716 185
45719 43
45721 140
45722 184
45723 175
45730 145
45741 145
45746 35
45756 159
45789 159
45791 76
45801 73
45807 96
45817 79
45823 64
45825 197
45833 172
45848 115
45855 185
45886 169
45887 159
45891 94
45907 169
45913 140
45924 184
45946 175
45979 191
45984 145
45995 8
46017 197
46050 43
46054 184
46070 193
46077 1
46081 172
46083 48
46084 105
46095 64
46110 64
46127 105
46151 1
46171 159
46178 73
46188 1
46190 77
46196 76
46209 43
46211 76
46218 140
46223 48
46240 109
46242 197
46245 159
46251 115
46266 105
46277 12
46279 159
46288 1
46294 48
46300 115
46313 197
46321 79
46328 105
46331 109
46349 105
46363 105
46365 64
46370 48
46372 1
46373 114
46375 159
46376 105
46389 198
46393 64
46394 76
46413 126
46418 105
46438 115
46440 8
46442 193
46462 159
46465 8
46467 64
46469 164
46475 1
46481 140
46482 159
46483 8
46484 69
46502 64
46509 96
46511 109
46513 175
46523 35
46528 197
46539 64
46550 105
46552 8
46561 3
46563 187
46564 197
46566 159
46575 109
46589 79
46591 73
46592 184
46593 181
46627 159
46654 79
46675 140
46683 48
46695 172
46710 69
46711 115
46715 172
46716 175
46725 164
46729 140
46738 8
46740 79
46778 76
46801 41
46802 1
46803 48
46804 69
46807 73
46821 8
46836 140
46847 35
46864 185
46876 109
46885 48
46886 197
46903 184
46911 76
46912 73
46931 197
46936 105
46943 48
46963 185
46992 105
46996 159
47023 96
47024 14
47030 114
47044 73
47077 48
47083 159
47091 1
47095 185
47100 105
47124 124
47125 197
47142 197
47190 48
47206 159
47213 64
47217 109
47221 48
47222 43
47224 64
47227 184
47228 172
47251 14
47252 94
47253 197
47258 126
47287 69
47300 145
47319 122
47322 185
47332 53
47339 197
47352 43
47367 76
47378 164
47384 64
47390 115
47396 64
47406 115
47434 189
47435 145
47438 140
47447 38
47473 1
47484 124
47486 64
47487 32
47498 159
47499 105
47522 1
47528 53
47549 105
47550 73
47578 64
47579 115
47584 175
47601 8
47605 93
47611 76
47616 115
47626 169
47632 175
47642 115
47643 126
47692 48
47696 35
47708 64
47709 1
47713 172
47716 48
47730 109
47735 48
47739 140
47743 159
47772 105
47787 140
47796 48
47799 172
47800 184
47803 87
47806 109
47810 6
47811 43
47812 105
47821 184
47877 115
47908 184
47913 64
47922 14
47927 64
47932 105
47939 126
47942 197
47966 197
47972 105
47987 115
47992 109
47996 109
48009 198
48019 0
48030 145
48038 140
48041 1
48042 164
48050 76
48090 107
48125 8
48130 105
48133 18
48142 0
48154 64
48166 8
48189 1
48217 184
48239 185
48252 64
48285 172
48289 73
48300 48
48304 140
48305 1
48306 79
48308 197
48322 43
48333 77
48334 64
48347 187
48348 64
48358 109
48369 53
48372 109
48374 185
48376 164
48379 35
48385 159
48405 1
48407 175
48411 73
48417 64
48426 14
48451 8
48462 175
48470 48
48501 187
48503 197
48510 64
48529 105
48545 35
48548 79
48571 48
48582 126
48586 64
48587 175
48606 35
48632 164
48639 48
48641 164
48644 115
48648 79
48650 159
48671 79
48675 0
48676 159
48705 172
48707 96
48741 115
48745 140
48746 198
48747 48
48760 77
48774 140
48788 35
48802 172
48809 197
48813 64
48823 184
48855 115
48858 50
48908 105
48919 140
48920 109
48922 79
48935 14
48953 115
48955 140
48972 43
48982 159
48994 175
49027 12
49031 64
49045 1
49049 64
49095 48
49100 105
49120 140
49150 14
49162 14
49167 159
49192 109
49200 164
49205 48
49222 50
49231 133
49242 8
49259 172
49281 1
49284 105
49287 115
49322 105
49333 198
49348 50
49362 64
49366 41
49367 140
49386 197
49391 159
49398 79
49407 96
49410 159
49411 64
49417 64
49424 64
49433 8
49440 76
49445 1
49449 35
49470 172
49477 79
49479 1
49480 184
49499 185
49505 115
49507 109
49519 48
49520 64
49521 96
49526 43
49538 140
49540 175
49560 64
49593 175
49612 140
49627 197
49630 105
49634 109
49647 197
49655 175
49669 159
49681 48
49692 79
49716 105
49734 172
49770 79
49772 145
49780 8
49794 65
49798 124
49805 89
49809 109
49820 43
49840 175
49855 64
49856 175
49864 187
49869 198
49881 198
49883 64
49919 159
49951 185
49953 69
49961 43
49976 1
49980 109
49986 1
49987 35
49988 124
50015 35
50016 77
50026 184
50027 64
50034 6
50049 115
50071 96
50081 197
50085 48
50090 115
50098 1
50101 1
50104 172
50123 164
50161 1
50163 140
50166 172
50182 96
50199 115
50203 41
50213 115
50226 73
50244 140
50253 140
50257 76
50260 184
50261 172
50271 198
50275 64
50284 114
50288 48
50296 6
50301 64
50305 6
50313 48
50320 1
50333 69
50334 197
50336 73
50337 76
50354 175
50355 64
50362 185
50368 140
50370 140
50379 109
50385 175
50399 79
50408 126
50419 50
50422 159
50423 197
50424 164
50432 121
50435 140
50436 64
50437 48
50438 105
50450 184
50481 140
50488 145
50491 124
50496 140
50506 73
50516 6
50519 197
50529 1
50530 43
50551 1
50553 76
50557 197
50562 193
50570 76
50571 172
50576 105
50579 73
50603 105
50607 64
50616 175
50621 140
50629 1
50636 145
50640 105
50641 126
50642 159
50643 105
50644 175
50645 172
50655 64
50669 48
50683 42
50685 184
50707 197
50713 187
50716 185
50717 0
50718 76
50719 115
50726 126
50734 69
50739 60
50740 76
50741 159
50759 43
50769 43
50774 77
50784 172
50786 184
50814 43
50838 48
50844 8
50846 8
50855 50
50860 159
50864 115
50868 184
50872 64
50879 48
50883 48
50899 172
50915 184
50918 64
50930 8
50964 187
50971 60
50980 115
50986 185
50987 76
51015 145
51039 35
51051 1
51058 197
51083 102
51085 197
51091 1
51092 105
51094 159
51101 53
51106 102
51117 109
51120 69
51145 172
51152 8
51156 105
51189 115
51207 159
51212 76
51217 8
51230 91
51232 43
51236 42
51238 198
51249 8
51250 140
51290 76
51310 159
51320 64
51326 197
51337 43
51338 115
51367 64
51369 140
51372 140
51389 43
51390 185
51394 115
51447 197
51466 184
51469 172
51479 76
51483 35
51490 115
51496 1
51497 198
51498 105
51499 184
51524 1
51525 155
51539 115
51546 109
51552 140
51564 48
51578 73
51595 105
51651 48
51659 109
51664 8
51670 140
51695 198
51715 153
51728 64
51738 0
51739 185
51743 140
51766 172
51771 159
51782 96
51795 69
51813 109
51823 115
51830 175
51848 105
51849 1
51874 185
51892 172
51917 159
51931 159
51934 197
51953 1
51968 116
51975 172
51976 172
51980 115
51982 41
51984 1
51995 48
52016 159
52021 48
52031 105
52034 64
52046 169
52052 145
52054 48
52085 185
52109 1
52123 64
52133 73
52137 109
52138 140
52139 172
52141 13
52142 30
52150 115
52160 1
52192 64
52194 48
52199 140
52224 35
52232 145
52256 73
52265 31
52267 64
52277 96
52296 64
52307 48
52320 140
52321 96
52322 197
52329 96
52330 145
52335 6
52366 1
52372 115
52387 115
52390 69
52412 48
52413 48
52416 197
52417 115
52418 1
52437 126
52445 109
52460 159
52473 64
52480 115
52489 184
52491 48
52510 48
52512 197
52515 79
52548 197
52554 48
52566 64
52569 79
52570 115
52590 43
52599 159
52605 14
52615 48
52633 64
52662 48
52665 193
52670 140
52673 185
52681 172
52693 64
52696 140
52718 76
52725 115
52740 172
52755 64
52759 6
52760 197
52798 140
52802 105
52817 76
52819 115
52826 109
52836 8
52837 140
52842 64
52847 1
52855 39
52860 76
52867 139
52879 64
52903 14
52911 159
52931 159
52959 48
52968 185
52977 172
52983 41
52985 172
52992 140
53000 115
53005 109
53006 1
53024 73
53025 115
53033 69
53055 197
53069 0
53070 96
53071 172
53080 105
53085 172
53086 43
53089 76
53091 39
53093 109
53117 64
53162 50
53190 115
53194 124
53196 109
53199 64
53221 109
53246 1
53251 109
53258 87
53259 64
53263 41
53286 140
53300 187
53308 64
53316 48
53337 35
53338 185
53339 1
53340 159
53343 48
53365 115
53367 109
53370 73
53381 90
53388 50
53390 64
53393 73
53394 140
53402 64
53415 6
53434 8
53442 14
53446 105
53455 115
53457 53
53458 175
53467 109
53506 6
53510 76
53512 193
53518 1
53522 35
53530 197
53533 159
53581 159
53583 115
53589 73
53591 184
53593 8
53598 172
53601 64
53625 76
53633 184
53634 8
53635 105
53646 109
53648 159
53666 105
53675 197
53682 172
53730 175
53736 197
53744 187
53748 184
53749 184
53763 109
53773 124
53785 6
53786 185
53790 8
53802 1
53817 115
53821 73
53822 197
53826 126
53833 176
53868 109
53903 159
53909 79
53911 172
53918 115
53924 73
53931 94
53949 8
53951 140
53953 159
53961 105
53969 35
53981 109
53984 140
53998 1
54010 102
54040 77
54060 140
54064 8
54065 64
54067 6
54071 73
54077 64
54080 48
54086 140
54088 159
54108 109
54109 115
54110 140
54118 69
54122 109
54127 64
54131 73
54157 1
54169 105
54170 105
54173 79
54178 64
54189 159
54192 71
54205 64
54207 159
54214 48
54216 159
54236 48
54243 114
54303 76
54313 115
54320 120
54323 64
54332 43
54334 109
54346 14
54349 96
54352 69
54358 115
54364 115
54368 43
54376 105
54418 109
54429 115
54432 140
54434 87
54442 164
54464 8
54467 35
54470 140
54471 172
54493 145
54500 43
54501 1
54543 126
54550 32
54555 185
54556 198
54561 109
54571 76
54579 6
54583 105
54616 159
54621 73
54623 6
54626 8
54632 115
54638 79
54645 15
54654 198
54656 175
54662 69
54671 184
54680 41
54692 109
54693 8
54696 8
54704 64
54714 115
54717 159
54723 43
54762 145
54765 79
54781 41
54793 14
54798 159
54812 175
54814 43
54816 115
54819 187
54827 145
54837 159
54840 43
54845 109
54856 1
54878 8
54898 140
54902 105
54904 109
54908 175
54915 197
54920 105
54923 172
54934 64
54935 73
54940 197
54953 73
54965 96
54992 187
54998 185
55000 109
55006 109
55010 64
55011 159
55016 76
55034 43
55037 1
55042 109
55047 76
55084 198
55085 159
55088 145
55114 184
55115 96
55118 159
55133 185
55151 48
55172 175
55185 114
55188 115
55205 175
55217 115
55219 1
55231 64
55244 140
55250 187
55254 64
55256 43
55257 172
55268 124
55270 184
55277 197
55285 64
55286 147
55288 184
55309 180
55335 198
55345 1
55357 115
55375 124
55402 109
55407 109
55425 73
55428 140
55462 140
55467 32
55482 64
55504 193
55529 140
55532 109
55551 35
55557 126
55586 73
55589 1
55602 48
55607 115
55609 197
55622 140
55636 115
55651 116
55652 175
55674 42
55691 64
55702 164
55733 115
55739 105
55747 197
55767 115
55781 8
55792 41
55795 1
55801 96
55810 42
55812 64
55822 73
55842 184
55862 184
55873 197
55876 169
55881 105
55885 1
55895 185
55914 159
55938 64
55939 89
55941 124
55956 197
55962 35
55979 1
55998 79
56013 105
56014 197
56016 41
56017 64
56025 185
56026 64
56033 35
56034 175
56035 96
56046 96
56047 115
56060 140
56064 197
56066 159
56067 43
56068 48
56086 184
56113 1
56140 79
56141 140
56142 14
56146 184
56150 48
56152 184
56159 76
56165 35
56169 164
56172 77
56201 197
56202 1
56231 43
56236 12
56241 140
56252 145
56283 109
56286 172
56296 175
56355 197
56357 6
56361 76
56370 172
56371 197
56373 48
56374 41
56378 96
56390 140
56425 185
56436 159
56440 96
56443 64
56444 159
56445 197
56464 1
56476 109
56481 1
56493 145
56502 140
56503 159
56504 64
56507 109
56526 175
56531 184
56533 193
56571 96
56572 184
56596 145
56599 50
56602 115
56610 159
56625 105
56658 197
56661 105
56672 79
56676 1
56677 64
56701 76
56706 105
56709 35
56716 1
56729 12
56755 50
56757 124
56784 41
56785 85
56789 43
56821 115
56842 1
56850 6
56853 64
56856 167
56861 137
56863 184
56868 140
56869 172
56879 116
56890 197
56891 64
56900 197
56902 159
56912 109
56919 64
56930 96
56971 198
56982 14
56995 64
56996 105
57002 145
57027 1
57028 197
57043 79
57055 159
57064 35
57069 64
57083 175
57088 159
57110 96
57115 43
57138 159
57153 185
57165 140
57189 105
57202 43
57203 187
57209 159
57226 175
57227 105
57234 73
57244 197
57247 41
57255 159
57270 76
57283 105
57296 64
57302 197
57309 185
57311 43
57328 48
57329 76
57347 1
57352 193
57356 64
57363 48
57364 14
57367 198
57372 1
57375 184
57378 159
57400 64
57415 184
57416 105
57448 184
57450 48
57468 145
57474 79
57483 159
57487 43
57490 8
57506 79
57512 145
57542 184
57547 168
57558 48
57559 198
57578 64
57580 126
57587 102
57588 140
57589 172
57608 43
57628 105
57687 8
57724 115
57738 159
57779 48
57783 73
57808 184
57809 197
57829 6
57830 64
57834 145
57843 64
57844 105
57846 105
57853 159
57854 1
57855 35
57871 159
57872 73
57882 96
57903 48
57906 1
57949 69
57950 1
57965 48
57973 105
57974 64
57976 198
57997 1
58004 14
58008 172
58013 102
58031 159
58034 6
58041 126
58048 105
58079 193
58081 197
58082 122
58091 175
58095 64
58100 184
58113 109
58121 1
58156 6
58161 43
58178 159
58179 197
58189 43
58198 185
58201 6
58224 105
58230 140
58231 197
58235 76
58237 14
58249 35
58251 115
58268 76
58272 82
58274 184
58308 1
58317 193
58330 184
58332 115
58350 115
58353 20
58358 41
58387 145
58393 159
58396 48
58397 73
58424 6
58437 197
58442 185
58446 1
58451 76
58452 76
58453 115
58454 184
58455 14
58456 64
58457 185
58463 175
58480 109
58481 184
58485 198
58493 48
58495 115
58497 43
58518 96
58519 105
58530 159
58537 172
58552 109
58565 115
58567 105
58571 159
58579 105
58581 159
58606 95
58611 14
58647 105
58657 169
58661 1
58662 184
58673 176
58676 140
58686 53
58692 79
58696 96
58705 169
58718 159
58724 164
58764 197
58771 198
58786 73
58796 64
58831 126
58859 164
58876 105
58880 184
58881 64
58902 145
58916 8
58924 1
58933 8
58937 159
58938 64
58947 69
58948 184
58955 140
58960 76
58977 159
58978 109
59006 193
59037 159
59049 76
59057 159
59058 76
59063 140
59080 126
59108 109
59110 114
59132 43
59152 96
59155 176
59169 198
59178 185
59183 73
59196 105
59208 48
59226 12
59229 197
59234 14
59257 76
59283 1
59292 8
59295 76
59298 198
59300 64
59308 109
59322 140
59341 175
59349 115
59367 6
59369 175
59383 140
59386 105
59387 184
59392 1
59400 164
59403 115
59424 76
59426 13
59457 105
59459 126
59466 159
59481 46
59483 197
59505 35
59517 1
59522 109
59526 115
59552 64
59568 43
59572 159
59589 0
59594 64
59607 35
59641 159
59651 1
59670 145
59696 96
59716 150
59719 64
59720 126
59726 140
59738 140
59745 198
59755 109
59757 105
59761 185
59808 197
59828 145
59829 73
59838 184
59850 164
59854 8
59869 69
59877 69
59878 159
59880 64
59881 64
59889 69
59896 1
59897 140
59926 140
59942 109
59945 76
59952 79
59959 172
59961 109
59963 159
59964 115
59969 35
59990 105
59991 35
59995 43
60001 140
60006 35
60026 198
60031 1
60034 69
60036 140
60048 115
60083 185
60086 105
60090 115
60096 9
60102 1
60112 109
60113 187
60115 184
60116 197
60121 14
60144 32
60148 73
60149 198
60158 159
60170 8
60173 48
60183 79
60187 64
60188 8
60191 79
60203 76
60216 197
60237 105
60246 145
60257 140
60271 109
60292 185
60301 1
60312 159
60318 48
60324 73
60325 124
60346 0
60347 6
60365 159
60366 105
60394 76
60415 41
60430 159
60431 115
60440 90
60444 48
60456 140
60466 185
60469 43
60481 102
60515 105
60534 140
60535 159
60550 79
60556 164
60557 159
60597 175
60602 64
60611 64
60625 184
60633 140
60638 35
60646 109
60663 69
60683 197
60688 184
60698 6
60711 159
60716 76
60726 109
60749 185
60758 175
60772 105
60812 48
60819 105
60826 64
60827 105
60852 184
60853 14
60856 43
60863 48
60868 76
60880 79
60892 172
60904 76
60912 184
60918 105
60919 105
60921 77
60926 1
60948 8
60949 102
60962 145
60970 109
60976 185
60981 169
60989 197
61023 115
61032 122
61061 48
61062 198
61066 16
61068 76
61079 115
61084 159
61117 105
61120 8
61131 48
61150 105
61157 105
61164 176
61172 109
61197 140
61199 114
61201 105
61210 120
61215 79
61225 1
61235 175
61244 159
61252 109
61261 48
61262 8
61266 109
61291 175
61302 159
61307 115
61308 140
61312 185
61321 14
61323 73
61327 109
61359 172
61362 90
61364 140
61371 124
61385 64
61404 64
61410 187
61411 184
61432 1
61438 124
61457 145
61486 1
61489 185
61501 48
61505 1
61547 35
61550 0
61564 6
61565 48
61571 13
61592 197
61593 184
61597 184
61612 159
61616 6
61634 159
61661 43
61668 48
61688 41
61693 105
61694 79
61719 79
61741 43
61742 159
61768 193
61780 197
61783 20
61793 173
61804 145
61825 64
61833 115
61841 48
61842 159
61879 109
61890 140
61891 159
61892 184
61894 197
61918 197
61934 115
61950 126
61970 64
61978 197
61979 64
61986 6
62038 184
62043 140
62056 184
62063 115
62076 109
62093 8
62097 64
62107 197
62110 140
62123 172
62129 175
62131 64
62135 1
62136 96
62137 184
62138 102
62146 41
62187 197
62204 43
62206 64
62225 140
62228 184
62246 105
62257 64
62265 184
62279 185
62283 69
62309 1
62335 105
62351 1
62352 35
62353 48
62379 64
62391 105
62399 1
62406 64
62412 64
62415 1
62416 185
62422 41
62429 35
62433 197
62443 109
62466 197
62482 136
62495 172
62501 31
62503 126
62506 159
62510 31
62520 0
62538 197
62539 69
62547 64
62562 145
62564 159
62588 169
62590 198
62597 48
62606 20
62609 122
62616 94
62624 43
62653 1
62658 109
62682 32
62685 197
62691 64
62694 105
62695 140
62697 14
62704 109
62708 43
62716 109
62733 109
62748 1
62772 64
62779 1
62787 48
62802 109
62808 48
62810 109
62828 8
62829 140
62836 159
62837 6
62849 172
62850 197
62851 105
62855 50
62866 105
62890 69
62904 41
62905 76
62917 172
62919 115
62936 185
62937 43
62938 184
62940 115
62947 6
62958 197
62970 1
62975 96
62977 48
62988 94
62990 140
63001 73
63005 43
63006 64
63038 8
63042 145
63046 185
63051 12
63052 73
63057 159
63069 43
63070 109
63077 109
63092 1
63106 43
63107 8
63109 185
63112 147
63143 41
63145 122
63146 175
63147 140
63154 115
63158 115
63159 77
63162 115
63163 172
63174 197
63177 14
63185 8
63204 124
63253 114
63265 185
63275 159
63281 64
63282 126
63283 70
63288 73
63309 164
63321 48
63330 76
63331 64
63339 48
63349 197
63351 121
63391 184
63397 8
63416 64
63421 14
63458 140
63462 8
63467 197
63492 109
63496 140
63507 175
63524 1
63528 1
63533 175
63556 193
63564 140
63565 172
63572 175
63574 197
63577 73
63580 198
63582 1
63583 109
63587 175
63592 64
63598 175
63599 184
63605 73
63613 185
63640 115
63646 73
63647 115
63663 73
63678 159
63681 197
63682 8
63683 172
63722 105
63727 184
63750 79
63773 172
63812 43
63813 184
63819 8
63824 159
63839 48
63853 50
63856 193
63857 140
63868 175
63876 69
63910 43
63914 64
63917 105
63927 140
63947 115
63962 197
63964 6
63965 64
64011 79
64025 73
64040 35
64044 31
64047 79
64067 43
64073 159
64083 64
64084 179
64085 1
64099 43
64100 105
64111 79
64113 64
64122 41
64161 109
64192 140
64202 43
64241 73
64276 109
64278 43
64280 76
64287 1
64297 73
64306 48
64321 8
64328 105
64330 102
64339 115
64341 73
64369 159
64370 172
64396 164
64403 8
64405 197
64414 79
64420 69
64429 184
64440 172
64444 8
64447 115
64461 73
64465 159
64468 115
64471 64
64486 76
64499 140
64500 175
64501 73
64519 185
64526 105
64529 198
64530 1
64531 1
64542 0
64544 64
64575 48
64583 64
64590 184
64595 115
64598 105
64602 43
64607 197
64641 159
64671 73
64683 175
64684 96
64691 1
64694 105
64700 114
64704 14
64705 193
64712 159
64750 48
64760 64
64765 115
64766 14
64770 140
64771 79
64783 145
64822 76
64827 140
64835 64
64840 41
64874 184
64892 197
64901 193
64912 1
64934 14
64951 184
64956 64
64961 159
64962 48
64963 96
64965 73
64974 35
64975 193
64989 185
65018 96
65025 1
65047 164
65076 115
65090 184
65097 175
65124 76
65136 184
65143 140
65147 43
65168 109
65170 64
65191 8
65192 185
65193 197
65198 197
65202 1
65203 64
65205 109
65207 48
65213 115
65217 43
65221 140
65234 175
65245 159
65246 184
65261 76
65276 126
65282 197
65298 64
65312 35
65315 115
65343 41
65358 197
65363 43
65383 1
65401 96
65402 197
65404 64
65407 48
65422 105
65449 187
65467 115
65496 77
65513 198
65523 64
65524 105
65529 43
65540 109
65550 69
65569 76
65570 172
65579 1
65591 115
65592 73
65593 140
65608 164
65617 172
65621 69
65635 198
65648 73
65660 73
65665 8
65716 109
65726 76
65756 48
65762 69
65800 115
65809 79
65810 48
65820 164
65839 109
65855 1
65858 172
65862 159
65869 185
65891 140
65899 69
65924 140
65928 64
65932 96
65971 64
65984 48
66002 193
66036 198
66066 64
66067 193
66082 198
66086 185
66093 41
66112 1
66116 48
66129 197
66141 140
66147 115
66163 48
66164 185
66177 109
66186 169
66192 197
66200 109
66211 73
66212 48
66225 197
66235 43
66241 175
66250 172
66274 175
66285 115
66311 48
66326 115
66327 115
66365 8
66401 105
66418 124
66438 48
66445 116
66449 126
66450 140
66452 159
66457 197
66462 140
66465 184
66472 172
66476 64
66478 1
66482 140
66488 164
66499 8
66503 73
66507 159
66508 102
66512 41
66518 172
66568 140
66569 184
66571 115
66574 1
66575 193
66577 87
66580 159
66600 193
66609 76
66612 185
66632 197
66634 90
66661 193
66682 43
66689 140
66695 48
66707 140
66708 115
66761 6
66763 159
66770 172
66815 140
66830 102
66844 172
66867 43
66870 64
66872 43
66880 140
66888 48
66899 140
66909 193
66944 1
66945 64
66947 48
66964 126
66975 43
66976 172
66977 48
66978 73
66985 164
66986 43
66987 193
66989 145
67000 197
67026 159
67028 175
67043 124
67053 64
67054 115
67076 159
67077 105
67092 159
67117 76
67119 159
67133 140
67134 175
67170 197
67174 8
67175 64
67220 48
67223 115
67248 184
67257 145
67258 140
67267 140
67280 6
67301 64
67313 64
67327 105
67328 197
67331 109
67333 6
67334 172
67337 64
67356 64
67357 198
67358 64
67372 109
67380 105
67387 115
67401 64
67407 64
67416 43
67417 6
67423 8
67427 69
67432 14
67441 69
67446 0
67489 197
67510 50
67537 178
67542 193
67543 48
67549 145
67568 124
67584 48
67585 145
67592 140
67601 124
67613 175
67616 140
67617 197
67643 159
67646 48
67685 77
67696 140
67697 197
67736 48
67748 6
67760 159
67762 60
67767 197
67769 145
67770 172
67800 105
67806 169
67826 115
67848 184
67849 48
67854 185
67916 197
67920 99
67924 197
67930 1
67933 35
67938 109
67939 78
67953 79
67957 48
67959 140
67965 14
67966 140
67967 184
67972 184
67975 43
67976 35
67990 197
68018 185
68051 124
68060 185
68063 115
68066 73
68086 64
68110 197
68113 197
68120 41
68121 140
68124 76
68158 73
68160 8
68175 198
68193 73
68196 105
68218 48
68220 115
68235 159
68237 48
68242 64
68248 184
68252 174
68258 122
68260 140
68293 115
68303 109
68311 14
68350 35
68354 172
68358 193
68376 184
68394 159
68395 1
68425 64
68479 43
68487 48
68488 39
68506 197
68509 35
68513 172
68518 43
68522 43
68524 35
68525 197
68530 197
68535 187
68544 184
68552 0
68590 175
68595 76
68606 164
68615 175
68620 48
68625 115
68645 185
68649 109
68660 115
68672 43
68682 197
68695 197
68702 115
68712 1
68738 169
68740 115
68745 184
68747 185
68750 145
68760 20
68761 41
68770 1
68778 140
68800 102
68812 43
68814 197
68836 64
68840 50
68856 185
68858 64
68868 14
68880 140
68881 105
68886 69
68891 184
68893 64
68909 35
68928 140
68930 0
68953 115
68955 73
68956 184
68958 172
68972 64
68980 140
68982 48
68991 115
69018 109
69021 140
69027 43
69052 175
69056 175
69058 159
69064 48
69071 76
69074 0
69075 197
69078 159
69085 185
69088 5
69096 140
69099 197
69112 35
69125 64
69130 185
69153 64
69160 6
69162 140
69169 96
69170 159
69171 14
69174 159
69186 8
69198 48
69199 76
69200 185
69201 8
69269 115
69271 115
69291 8
69300 159
69308 159
69346 184
69347 1
69369 105
69379 1
69380 109
69411 105
69417 124
69419 140
69420 172
69431 76
69442 143
69451 115
69465 14
69466 96
69467 140
69476 109
69489 140
69494 12
69505 175
69522 115
69546 69
69560 197
69562 43
69565 35
69571 79
69592 185
69597 140
69601 0
69615 64
69623 140
69625 124
69669 6
69671 14
69700 185
69701 35
69725 105
69731 64
69735 126
69740 197
69750 43
69783 0
69797 1
69813 105
69824 115
69829 109
69832 105
69838 0
69847 175
69857 6
69864 145
69865 8
69874 184
69875 109
69881 105
69883 145
69897 64
69913 8
69950 115
69968 64
69987 76
70015 1
70042 184
70044 6
70056 115
70057 159
70064 1
70087 48
70100 115
70117 197
70120 79
70138 197
70154 193
70158 105
70178 20
70191 115
70196 105
70199 115
70202 175
70216 145
70220 120
70232 115
70249 175
70250 115
70251 198
70263 79
70277 56
70297 185
70298 197
70313 159
70340 124
70347 1
70348 164
70349 140
70366 121
70390 64
70391 69
70398 197
70400 197
70408 115
70411 35
70415 140
70417 73
70424 64
70427 48
70428 64
70434 43
70484 64
70508 126
70510 105
70516 1
70537 79
70546 69
70552 115
70564 193
70590 64
70600 184
70619 184
70620 0
70642 64
70644 96
70645 64
70665 79
70667 159
70671 64
70689 76
70697 103
70704 175
70725 115
70729 197
70739 79
70757 159
70767 76
70769 175
70780 73
70796 175
70797 114
70799 140
70802 48
70803 6
70804 64
70838 198
70868 77
70886 50
70895 76
70905 187
70908 105
70917 105
70931 105
70932 64
70940 126
70942 69
70947 126
70950 48
70953 109
70956 184
70962 73
70979 64
70980 43
70985 172
70997 0
70998 64
71032 185
71043 172
71052 122
71059 109
71065 0
71066 140
71074 140
71083 76
71087 105
71097 102
71111 115
71113 76
71131 124
71134 184
71140 105
71143 126
71144 66
71147 169
71152 197
71166 197
71172 140
71180 73
71231 64
71232 64
71238 43
71242 109
71243 175
71247 41
71251 105
71274 48
71305 197
71334 197
71357 38
71358 64
71370 187
71381 69
71385 184
71389 185
71400 186
71403 48
71408 73
71420 115
71424 145
71442 64
71456 1
71465 73
71466 197
71472 14
71486 122
71487 197
71496 79
71497 105
71508 115
71510 184
71518 109
71556 159
71562 197
71566 62
71573 76
71595 43
71596 175
71597 197
71603 48
71605 76
71606 109
71622 164
71624 96
71635 109
71650 109
71660 164
71666 105
71670 64
71675 159
71690 115
71694 1
71723 164
71730 109
71771 64
71772 69
71779 35
71803 76
71805 64
71823 1
71829 69
71837 90
71849 140
71852 115
71871 105
71878 140
71879 184
71881 175
71882 140
71888 8
71898 175
71903 185
71914 105
71917 159
71928 184
71932 8
71941 140
71995 64
72000 197
72008 197
72010 175
72016 14
72017 12
72024 197
72028 73
72031 198
72036 115
72037 159
72040 140
72051 185
72076 193
72083 105
72089 164
72091 48
72096 172
72115 140
72128 64
72130 48
72132 197
72135 64
72140 175
72156 115
72172 172
72190 64
72196 8
72212 197
72215 109
72217 48
72242 105
72247 77
72286 48
72290 6
72294 119
72324 140
72333 8
72343 184
72354 185
72355 50
72356 64
72386 109
72389 105
72398 64
72399 64
72402 159
72440 35
72472 69
72498 124
72529 140
72537 48
72540 6
72560 48
72566 64
72585 73
72592 140
72601 197
72613 197
72631 69
72635 140
72658 144
72659 1
72660 197
72661 14
72662 76
72663 184
72680 159
72688 197
72690 48
72694 172
72701 48
72708 140
72716 64
72721 64
72752 69
72765 140
72772 140
72774 184
72776 14
72783 126
72799 76
72801 140
72806 115
72818 140
72833 8
72836 159
72840 64
72875 175
72876 64
72877 187
72879 1
72888 164
72898 140
72903 184
72910 115
72912 76
72933 185
72943 115
72949 50
72955 48
72974 1
72975 109
72978 64
72989 145
72996 122
73001 43
73002 48
73023 172
73025 198
73036 140
73056 115
73061 159
73066 76
73075 64
73079 193
73080 8
73088 43
73097 64
73100 14
73102 6
73109 145
73140 105
73144 48
73154 172
73176 115
73182 64
73191 197
73201 109
73231 197
73241 164
73251 6
73252 115
73260 140
73263 109
73264 0
73295 172
73297 109
73306 184
73326 159
73328 77
73340 69
73342 105
73350 48
73361 48
73363 145
73377 140
73385 96
73387 140
73391 115
73400 48
73415 177
73418 64
73433 41
73440 64
73457 145
73473 175
73487 79
73489 1
73537 1
73562 115
73568 172
73569 184
73570 64
73588 197
73590 132
73606 43
73626 175
73631 64
73645 197
73655 76
73656 76
73657 105
73704 126
73712 140
73726 43
73727 105
73738 48
73753 105
73758 115
73789 48
73798 1
73812 43
73815 145
73816 175
73841 43
73842 105
73855 126
73862 185
73866 169
73872 122
73878 140
73893 1
73924 43
73926 64
73938 115
73940 96
73945 175
73954 105
73976 76
73980 169
74005 64
74006 48
74013 197
74023 73
74028 1
74029 197
74042 159
74043 64
74053 43
74054 185
74055 185
74085 41
74086 48
74091 115
74092 124
74094 41
74105 53
74130 64
74131 105
74148 159
74156 76
74162 48
74163 48
74175 172
74177 69
74178 172
74184 105
74212 105
74221 48
74223 115
74235 126
74270 164
74281 12
74289 126
74306 79
74307 64
74314 1
74322 105
74324 197
74326 41
74327 14
74331 140
74346 109
74383 105
74387 6
74395 48
74398 193
74404 96
74419 109
74420 184
74427 115
74457 126
74474 48
74485 64
74494 105
74503 140
74509 1
74510 109
74511 64
74512 114
74513 164
74515 159
74521 96
74527 185
74533 140
74535 126
74540 185
74543 105
74568 109
74575 164
74583 64
74593 140
74630 109
74634 64
74645 159
74661 193
74688 159
74690 50
74710 81
74712 14
74719 109
74723 35
74734 109
74737 1
74743 197
74745 64
74759 96
74781 164
74794 48
74796 0
74799 175
74805 43
74808 105
74820 159
74833 197
74862 1
74869 198
74885 184
74890 1
74896 1
74932 140
74941 76
74963 1
74970 109
74971 64
74972 6
75013 193
75020 198
75021 172
75057 126
75061 48
75085 69
75096 124
75107 1
75115 140
75119 43
75130 1
75138 43
75148 11
75154 159
75166 64
75167 140
75174 43
75176 1
75177 164
75182 48
75193 159
75197 1
75231 145
75233 64
75258 105
75266 197
75270 197
75272 140
75279 48
75285 197
75291 159
75297 172
75301 1
75304 197
75307 124
75321 105
75339 1
75374 43
75382 115
75383 1
75394 48
75395 64
75417 48
75418 115
75425 169
75426 65
75431 6
75441 8
75443 48
75444 109
75453 8
75454 109
75463 175
75493 169
75494 109
75500 109
75503 8
75512 90
75525 96
75562 48
75565 109
75599 48
75601 193
75604 76
75623 109
75639 198
75648 115
75673 96
75687 8
75705 109
75729 48
75746 79
75765 8
75769 79
75776 115
75794 115
75823 35
75832 140
75850 115
75853 64
75862 48
75870 159
75873 76
75894 169
75898 105
75911 115
75917 73
75925 140
75928 94
75929 185
75933 43
75944 198
75946 73
75947 140
75948 197
75961 185
75972 175
75973 197
75986 105
75990 76
76003 172
76011 105
76019 140
76032 73
76042 172
76052 64
76059 64
76063 197
76066 64
76079 73
76082 50
76096 145
76103 159
76110 35
76121 105
76123 73
76125 145
76127 172
76132 175
76134 105
76148 197
76152 193
76164 197
76174 140
76180 140
76181 62
76189 64
76190 48
76211 96
76212 60
76226 41
76236 126
76257 64
76259 69
76269 197
76351 76
76355 105
76356 175
76381 6
76386 48
76388 1
76392 159
76424 159
76436 79
76437 105
76455 105
76470 64
76475 76
76481 48
76485 159
76487 184
76496 175
76499 73
76500 197
76501 76
76505 159
76506 172
76514 159
76517 79
76520 105
76575 198
76581 69
76582 64
76598 76
76600 1
76606 35
76612 76
76614 197
76619 175
76621 87
76623 184
76627 184
76652 115
76658 8
76663 172
76665 145
76668 126
76678 105
76679 193
76683 109
76692 115
76719 79
76733 50
76750 185
76753 175
76775 35
76779 197
76784 48
76791 140
76806 0
76817 64
76824 76
76848 69
76852 43
76858 185
76862 64
76870 64
76890 0
76907 187
76910 115
76924 43
76925 76
76930 8
76942 50
76944 126
76947 109
76948 64
76957 197
76962 43
76989 198
76999 43
77000 140
77001 145
77003 87
77017 12
77019 105
77023 48
77046 175
77061 115
77065 126
77093 145
77101 172
77123 1
77138 159
77139 64
77147 115
77154 140
77162 64
77170 184
77182 35
77183 96
77203 64
77208 76
77218 102
77233 175
77254 0
77266 8
77279 1
77288 1
77300 0
77305 1
77358 140
77366 105
77399 187
77406 184
77448 159
77450 172
77455 184
77474 145
77480 126
77481 140
77482 140
77493 126
77502 48
77510 197
77544 12
77553 184
77570 122
77645 1
77646 64
77651 159
77662 64
77666 140
77667 159
77668 175
77669 115
77670 184
77671 185
77680 198
77691 43
77693 140
77696 8
77697 64
77704 159
77719 48
77720 124
77726 198
77741 77
77750 198
77760 41
77762 35
77770 6
77778 14
77796 64
77804 73
77806 79
77807 172
77816 159
77841 41
77846 43
77849 116
77851 8
77852 197
77853 105
77868 115
77881 43
77894 1
77896 175
77906 48
77914 109
77917 14
77924 1
77927 115
77940 197
77958 64
77969 114
77971 109
77988 64
78007 1
78010 48
78033 184
78045 159
78064 185
78068 197
78074 131
78077 96
78092 197
78094 43
78110 172
78145 159
78154 105
78159 48
78162 76
78169 48
78173 0
78175 126
78187 105
78190 175
78191 64
78204 64
78225 105
78233 105
78236 124
78238 115
78247 184
78286 105
78305 197
78306 198
78317 159
78329 48
78338 48
78344 109
78347 43
78353 169
78358 48
78360 79
78363 76
78364 102
78368 41
78383 64
78384 184
78396 73
78415 169
78435 73
78440 105
78449 115
78459 159
78488 48
78510 76
78523 175
78526 159
78543 109
78545 159
78554 109
78567 197
78572 115
78596 184
78607 79
78611 8
78619 197
78620 175
78625 1
78653 198
78658 1
78702 64
78712 1
78714 109
78726 115
78737 109
78741 172
78767 121
78810 76
78846 109
78849 48
78852 185
78856 140
78869 172
78882 185
78884 172
78889 64
78890 69
78895 105
78917 159
78929 172
78936 35
78944 105
78950 197
78965 64
78967 1
78972 175
78985 41
79012 35
79016 145
79026 41
79027 198
79049 175
79064 48
79075 159
79082 0
79085 121
79115 105
79127 159
79177 64
79179 105
79188 187
79195 43
79205 140
79210 73
79211 48
79218 77
79221 87
79238 1
79241 109
79254 184
79272 172
79273 43
79281 94
79282 105
79290 184
79297 41
79328 77
79338 116
79351 8
79352 14
79361 102
79362 105
79369 184
79373 197
79381 76
79384 172
79386 96
79390 164
79406 64
79413 197
79421 53
79425 79
79430 159
79444 1
79445 35
79446 48
79467 64
79485 64
79489 184
79491 64
79493 197
79504 172
79515 41
79521 193
79524 14
79532 48
79536 105
79546 105
79551 64
79556 184
79559 172
79574 73
79599 115
79603 109
79610 184
79616 13
79618 69
79619 140
79624 140
79640 140
79644 187
79665 175
79680 197
79725 184
79733 86
79741 48
79751 185
79791 69
79793 79
79808 198
79810 109
79823 197
79825 140
79843 140
79846 1
79849 159
79883 64
79884 184
79892 102
79893 172
79899 35
79910 1
79934 140
79935 124
79961 169
79970 109
79974 147
79977 185
79984 145
79990 14
79995 105
79997 1
80007 140
80011 48
80014 175
80023 184
80028 109
80058 197
80076 94
80083 184
80112 73
80126 105
80128 43
80155 164
80156 197
80171 32
80176 105
80200 184
80219 172
80223 140
80224 64
80230 198
80235 140
80259 175
80262 76
80263 198
80268 8
80308 105
80310 126
80318 63
80329 1
80334 175
80335 105
80352 140
80356 64
80365 8
80367 64
80373 159
80387 197
80389 115
80392 197
80406 109
80416 175
80422 8
80429 1
80432 105
80433 159
80449 105
80450 197
80453 64
80457 115
80464 115
80466 197
80475 35
80482 1
80485 197
80493 76
80495 96
80507 175
80513 41
80521 126
80540 159
80555 48
80571 140
80572 109
80573 114
80574 140
80575 74
80585 1
80591 197
80601 159
80608 114
80609 64
80620 184
80625 115
80626 159
80627 184
80629 79
80634 115
80636 105
80641 105
80643 109
80645 140
80649 126
80655 73
80665 172
80679 175
80680 1
80686 43
80707 43
80723 145
80749 76
80757 1
80760 105
80761 140
80776 197
80788 6
80790 1
80793 198
80795 64
80815 115
80818 73
80840 64
80852 64
80854 73
80863 73
80870 140
80890 105
80900 109
80911 73
80912 172
80915 195
80916 96
80919 64
80922 115
80929 64
80931 115
80960 197
80975 76
80978 105
80987 115
80996 126
81013 140
81021 175
81022 48
81028 184
81030 8
81033 64
81101 48
81103 184
81115 73
81127 197
81142 64
81172 177
81175 79
81181 185
81182 198
81186 159
81191 48
81218 76
81219 76
81220 198
81225 159
81233 48
81240 140
81241 14
81242 48
81245 64
81259 109
81275 115
81276 62
81286 159
81305 159
81332 43
81340 109
81342 175
81344 126
81365 197
81367 1
81372 140
81388 159
81391 8
81392 41
81405 198
81409 88
81421 12
81448 140
81449 105
81455 56
81457 140
81486 1
81492 172
81496 73
81503 76
81506 140
81514 184
81516 184
81521 8
81522 105
81523 164
81561 140
81562 8
81563 69
81565 73
81566 184
81569 159
81583 60
81586 159
81599 105
81605 48
81618 8
81631 115
81641 115
81647 115
81659 197
81667 1
81686 50
81691 172
81699 115
81725 43
81728 64
81743 115
81757 77
81767 41
81773 109
81774 73
81776 172
81784 198
81794 197
81801 119
81818 109
81831 164
81873 105
81875 8
81879 159
81882 64
81885 105
81892 64
81894 159
81895 43
81942 43
81943 79
81947 172
81953 105
81971 8
81984 76
81985 48
81990 145
81992 109
81993 159
82008 184
82026 197
82027 64
82044 184
82051 6
82067 187
82068 1
82090 48
82091 73
82092 175
82106 69
82108 14
82113 140
82115 6
82118 193
82137 184
82148 76
82170 48
82171 197
82206 175
82214 140
82219 48
82226 76
82229 185
82234 197
82246 184
82249 69
82255 197
82262 185
82269 164
82279 48
82301 184
82303 43
82309 79
82327 184
82334 8
82342 114
82353 48
82366 140
82369 169
82371 185
82377 1
82391 43
82422 185
82424 73
82436 102
82438 164
82439 105
82446 109
82449 48
82460 73
82461 140
82462 115
82465 1
82478 43
82481 76
82482 145
82487 177
82511 109
82514 197
82518 73
82546 140
82556 76
82579 8
82580 197
82622 77
82631 109
82635 140
82637 184
82650 43
82657 185
82658 115
82665 64
82666 48
82667 64
82684 73
82693 8
82700 184
82712 64
82724 41
82734 43
82742 14
82752 197
82761 140
82771 145
82784 115
82791 1
82803 53
82805 73
82818 172
82829 69
82847 76
82860 159
82864 197
82878 48
82895 175
82911 109
82917 185
82926 1
82927 6
82928 120
82930 172
82939 184
82951 172
82971 64
82974 6
82982 159
82997 184
82998 48
82999 79
83005 159
83022 79
83028 1
83029 73
83036 35
83040 140
83052 140
83059 48
83068 41
83072 121
83075 64
83080 184
83086 109
83089 73
83093 197
83116 69
83122 8
83145 76
83167 73
83172 185
83178 164
83199 175
83268 115
83272 64
83273 197
83274 197
83288 121
83290 76
83294 35
83327 105
83337 115
83340 105
83342 105
83343 124
83347 1
83353 159
83357 109
83364 140
83368 115
83369 184
83375 115
83382 43
83405 109
83407 198
83408 115
83434 175
83452 48
83466 48
83467 197
83479 69
83513 140
83514 1
83517 140
83518 126
83527 38
83541 109
83555 185
83557 185
83558 109
83568 197
83588 8
83592 48
83602 73
83642 0
83643 172
83652 198
83685 105
83686 140
83692 109
83703 1
83717 102
83725 43
83731 43
83732 140
83735 175
83741 197
83742 76
83746 197
83755 115
83776 76
83777 105
83778 64
83787 140
83801 64
83802 102
83810 64
83816 6
83824 175
83836 184
83848 73
83849 187
83852 184
83866 48
83884 197
83895 8
83896 73
83897 35
83898 197
83904 198
83906 197
83911 92
83927 76
83969 198
83978 48
84003 197
84009 6
84016 140
84020 124
84022 175
84041 105
84045 140
84061 109
84068 64
84071 96
84074 159
84086 64
84088 184
84095 109
84100 164
84101 197
84107 1
84110 140
84138 185
84145 98
84173 197
84199 109
84200 8
84208 43
84212 172
84219 48
84225 48
84230 159
84232 185
84233 73
84236 109
84237 140
84250 159
84251 48
84253 159
84258 109
84272 96
84275 145
84279 64
84286 64
84287 14
84289 159
84291 64
84293 197
84309 159
84311 126
84322 145
84330 198
84350 41
84361 1
84396 184
84406 115
84426 198
84436 48
84449 159
84454 1
84461 145
84465 43
84466 193
84505 112
84511 115
84533 175
84539 184
84541 79
84578 20
84584 177
84610 109
84613 59
84622 23
84629 43
84655 76
84664 159
84675 175
84683 73
84719 79
84721 164
84735 184
84741 48
84745 197
84761 14
84765 1
84775 6
84796 0
84802 185
84816 64
84826 41
84829 56
84833 48
84851 76
84870 115
84873 115
84884 159
84889 105
84929 197
84932 124
84952 38
84962 145
84970 8
84986 102
85002 140
85003 48
85011 55
85012 159
85028 109
85029 140
85032 73
85036 197
85041 109
85052 42
85075 140
85112 197
85120 169
85130 73
85139 109
85158 105
85161 1
85180 185
85209 48
85224 140
85264 48
85323 115
85324 175
85353 159
85373 14
85381 64
85382 105
85383 159
85387 115
85392 105
85423 64
85425 105
85429 1
85447 0
85452 79
85457 184
85459 115
85481 198
85520 197
85544 35
85551 105
85557 76
85569 1
85594 14
85616 43
85618 73
85620 198
85635 115
85636 32
85654 185
85655 73
85689 175
85692 146
85697 197
85698 102
85705 50
85733 140
85742 1
85748 64
85758 172
85776 197
85795 69
85805 14
85810 69
85814 198
85822 73
85836 140
85846 105
85864 0
85869 140
85870 73
85878 79
85886 76
85918 50
85935 197
85943 172
85966 32
85972 60
85993 197
85994 48
85997 164
86025 145
86032 175
86054 109
86059 69
86065 64
86071 76
86078 76
86080 64
86082 105
86091 175
86092 197
86098 140
86122 96
86142 0
86143 184
86144 48
86151 105
86164 64
86187 35
86188 1
86195 0
86204 14
86205 109
86209 172
86210 175
86233 179
86236 41
86285 42
86286 198
86289 69
86290 175
86299 115
86301 69
86315 41
86316 140
86319 198
86332 35
86336 124
86354 175
86367 159
86370 79
86371 114
86385 197
86387 198
86417 12
86436 69
86454 197
86469 115
86487 73
86509 140
86511 175
86532 140
86545 105
86547 12
86552 198
86557 159
86566 159
86570 185
86581 35
86584 76
86590 164
86594 198
86595 109
86601 43
86616 109
86617 73
86647 197
86653 41
86661 77
86662 105
86670 48
86672 159
86680 197
86685 193
86687 175
86706 105
86715 172
86720 64
86724 197
86727 1
86730 105
86740 140
86749 43
86756 73
86763 105
86773 197
86775 6
86785 185
86790 115
86793 197
86795 8
86796 43
86832 159
86866 115
86876 197
86894 124
86908 109
86922 172
86947 8
86952 1
86968 109
86999 48
87006 48
87009 77
87021 187
87022 109
87035 43
87036 76
87047 115
87055 185
87067 43
87076 140
87080 115
87086 73
87090 145
87097 73
87102 197
87128 1
87136 64
87137 159
87138 172
87156 64
87169 198
87181 115
87185 14
87193 105
87196 41
87212 64
87302 1
87307 1
87311 159
87312 184
87314 72
87334 185
87344 140
87349 73
87352 185
87355 64
87361 43
87385 115
87398 198
87407 159
87430 184
87432 159
87442 8
87467 115
87473 184
87474 1
87529 0
87543 185
87550 105
87554 79
87569 114
87573 64
87593 34
87594 197
87603 1
87620 105
87631 8
87632 14
87633 105
87646 48
87658 177
87682 197
87701 145
87708 126
87731 164
87745 140
87748 184
87751 48
87755 184
87762 105
87770 79
87776 140
87783 159
87787 140
87795 69
87796 69
87799 105
87805 43
87829 69
87840 164
87851 43
87855 48
87857 1
87858 1
87860 41
87866 48
87875 48
87881 169
87891 105
87894 115
87895 35
87907 8
87908 109
87943 43
87959 1
87963 197
87973 48
87980 1
87988 76
87992 159
87994 198
88002 73
88003 184
88010 96
88020 45
88030 69
88046 172
88047 76
88048 8
88058 48
88075 0
88076 105
88082 73
88083 172
88084 197
88088 64
88093 164
88095 177
88096 197
88115 35
88120 159
88125 126
88136 1
88144 73
88158 77
88168 159
88172 175
88175 12
88186 73
88188 198
88194 140
88197 73
88200 185
88216 6
88236 159
88245 145
88247 105
88248 184
88273 169
88280 69
88295 48
88298 64
88306 154
88310 8
88315 175
88322 48
88337 124
88340 64
88354 69
88357 105
88369 69
88378 105
88380 73
88388 48
88405 32
88422 172
88427 140
88428 73
88429 197
88433 48
88435 193
88436 175
88438 64
88439 187
88447 6
88453 48
88461 64
88475 105
88476 185
88485 140
88529 109
88533 1
88541 14
88542 145
88546 185
88550 6
88556 115
88565 48
88613 64
88615 1
88619 175
88640 115
88644 197
88647 79
88649 140
88670 43
88674 115
88679 172
88684 6
88685 79
88686 140
88690 145
88712 48
88722 8
88728 175
88734 1
88735 175
88737 8
88745 185
88757 76
88760 172
88762 0
88777 159
88778 126
88780 73
88789 198
88791 50
88795 35
88796 48
88800 105
88803 0
88805 79
88806 140
88807 105
88810 197
88818 48
88832 64
88839 109
88841 109
88885 1
88889 64
88893 14
88898 121
88915 64
88944 123
88949 164
88951 105
88956 0
88958 193
88965 184
88983 197
88998 87
89015 115
89018 64
89019 96
89023 109
89030 198
89031 48
89035 48
89039 50
89053 159
89057 1
89072 159
89075 159
89083 105
89085 175
89089 6
89090 69
89094 193
89110 64
89114 172
89127 102
89168 56
89175 64
89182 0
89191 193
89199 140
89219 87
89236 159
89237 51
89249 105
89258 197
89272 159
89300 172
89319 79
89354 159
89363 193
89376 43
89381 115
89385 115
89397 159
89400 175
89420 105
89426 197
89433 105
89434 1
89435 109
89444 64
89451 140
89452 164
89463 145
89470 193
89476 1
89482 14
89487 48
89490 1
89491 43
89499 197
89539 102
89540 64
89549 184
89563 159
89565 184
89580 35
89641 35
89651 140
89677 126
89682 73
89683 76
89684 105
89704 1
89705 112
89717 43
89723 80
89729 73
89742 197
89771 96
89782 76
89784 197
89810 73
89812 164
89815 35
89816 159
89824 175
89828 126
89829 115
89836 48
89838 43
89839 184
89850 48
89852 1
89859 105
89881 164
89897 197
89907 69
89910 14
89917 12
89942 184
89950 115
89952 79
89955 164
89957 73
89989 50
89993 197
89998 175
90000 172
90015 62
90016 48
90017 105
90022 172
90028 114
90032 79
90039 64
90054 14
90061 197
90095 69
90099 115
90105 184
90123 169
90127 64
90142 115
90149 109
90155 105
90179 48
90180 48
90189 1
90190 140
90216 185
90227 140
90245 190
90253 145
90254 76
90259 193
90267 0
90284 184
90301 115
90302 96
90314 197
90319 109
90321 48
90324 1
90330 43
90334 122
90336 197
90337 147
90341 169
90342 8
90359 109
90361 73
90377 159
90379 31
90403 105
90415 175
90428 8
90431 96
90450 79
90455 159
90475 159
90479 175
90491 8
90499 109
90501 140
90502 172
90506 43
90512 159
90551 18
90570 64
90573 41
90583 8
90598 115
90600 164
90613 165
90618 115
90619 184
90621 96
90624 0
90638 184
90652 126
90675 197
90677 64
90718 14
90749 48
90750 42
90779 140
90790 140
90818 64
90822 41
90824 96
90830 197
90844 50
90845 76
90863 35
90864 193
90907 115
90917 105
90924 172
90929 105
90943 48
90963 197
90967 69
90976 109
90986 105
90988 43
90989 0
90997 6
91006 197
91037 185
91039 185
91052 64
91072 105
91077 124
91078 64
91097 175
91118 115
91120 105
91126 159
91127 145
91133 175
91146 73
91148 73
91155 169
91169 87
91174 48
91192 1
91197 0
91208 94
91221 159
91224 172
91229 198
91230 105
91254 185
91258 79
91276 159
91293 175
91307 175
91311 159
91312 1
91330 115
91360 1
91368 43
91370 76
91375 184
91382 48
91383 64
91394 193
91397 64
91398 159
91423 44
91434 35
91449 1
91450 145
91483 198
91489 197
91493 14
91510 145
91521 105
91532 126
91539 193
91544 1
91545 8
91578 197
91579 79
91580 175
91583 48
91624 109
91629 115
91635 175
91638 175
91639 48
91657 140
91658 185
91668 43
91670 41
91682 172
91683 185
91703 69
91711 50
91732 1
91745 185
91747 73
91761 140
91762 175
91765 1
91779 159
91790 159
91793 184
91801 197
91804 1
91805 184
91808 184
91818 96
91819 69
91834 109
91837 73
91845 159
91853 159
91860 48
91870 159
91883 35
91884 43
91907 197
91911 109
91912 64
91920 33
91927 35
91930 185
91935 109
91936 145
91945 41
91960 14
91966 41
91974 115
91976 159
91981 1
91984 79
91991 35
91992 115
91995 32
91999 159
92021 105
92037 140
92050 10
92059 0
92063 175
92076 159
92081 140
92094 184
92100 175
92107 198
92128 172
92142 0
92152 164
92162 73
92167 6
92177 96
92182 184
92185 159
92188 184
92191 73
92202 109
92204 109
92208 109
92216 76
92234 140
92236 48
92238 184
92265 48
92268 73
92271 172
92273 1
92276 73
92279 197
92280 14
92285 175
92290 169
92297 105
92307 145
92316 126
92349 76
92351 159
92361 159
92372 76
92377 48
92378 172
92389 1
92391 43
92415 8
92416 64
92418 184
92429 1
92435 140
92446 105
92468 172
92475 197
92484 172
92489 73
92499 14
92505 1
92511 159
92523 184
92524 140
92532 76
92535 115
92577 77
92579 69
92580 184
92599 197
92603 1
92610 140
92622 159
92623 115
92632 172
92647 115
92648 73
92654 197
92657 185
92694 1
92729 48
92733 76
92759 184
92785 197
92788 159
92790 43
92792 105
92812 197
92830 172
92832 187
92835 115
92839 76
92847 64
92849 159
92862 112
92865 197
92872 172
92877 164
92883 114
92885 140
92899 140
92906 76
92934 197
92944 172
92954 0
92961 109
92968 193
92970 159
92972 159
92980 184
92984 35
92985 184
93000 184
93004 115
93007 12
93036 12
93052 0
93057 64
93068 140
93080 185
93094 145
93102 48
93106 140
93116 14
93132 14
93136 115
93147 35
93169 198
93172 96
93177 43
93192 109
93208 140
93214 172
93238 1
93244 172
93246 140
93248 48
93275 53
93283 64
93286 140
93291 19
93310 96
93313 64
93344 197
93346 184
93351 32
93357 48
93386 184
93397 198
93427 109
93442 14
93443 35
93444 184
93451 184
93456 197
93463 1
93469 6
93476 140
93498 197
93502 169
93511 175
93519 41
93527 197
93543 1
93552 197
93560 48
93575 64
93576 64
93584 145
93591 76
93592 145
93603 43
93621 105
93632 197
93656 140
93658 96
93671 197
93683 175
93684 8
93686 185
93711 79
93720 105
93721 185
93730 197
93737 43
93771 184
93775 41
93793 197
93797 73
93800 1
93802 115
93803 105
93804 76
93830 185
93833 73
93835 96
93836 184
93853 159
93856 140
93859 12
93874 184
93886 164
93898 1
93908 159
93921 1
93922 140
93924 76
93925 159
93926 73
93929 140
93936 1
93942 48
93943 172
93970 115
93978 48
93992 115
93994 115
93996 43
94008 172
94014 124
94015 172
94016 79
94019 105
94020 96
94034 96
94041 64
94042 115
94045 79
94048 121
94055 172
94063 140
94068 140
94088 41
94118 172
94132 48
94149 48
94151 64
94170 64
94178 8
94180 64
94181 185
94192 197
94194 114
94200 1
94220 115
94227 109
94235 76
94240 79
94256 35
94283 105
94295 48
94315 175
94321 64
94331 73
94336 105
94353 1
94373 73
94380 64
94390 48
94415 159
94421 13
94429 35
94447 197
94452 159
94460 64
94461 64
94466 109
94472 1
94480 197
94499 198
94501 115
94512 48
94557 175
94570 198
94571 73
94576 109
94577 184
94578 64
94599 109
94606 145
94608 87
94612 64
94615 105
94634 77
94640 185
94651 79
94663 197
94677 115
94701 1
94727 76
94736 109
94747 177
94752 48
94754 109
94757 48
94758 159
94765 8
94770 197
94773 198
94793 79
94811 77
94829 48
94842 41
94880 185
94894 164
94913 43
94937 185
94969 169
95001 115
95012 115
95013 96
95014 197
95024 184
95026 184
95031 140
95058 197
95059 105
95062 43
95083 14
95092 69
95127 184
95132 140
95142 1
95144 0
95149 48
95171 126
95179 8
95198 102
95201 50
95205 159
95237 172
95253 140
95257 197
95258 198
95268 197
95269 185
95270 64
95279 31
95286 124
95288 12
95310 8
95327 6
95347 79
95366 159
95370 184
95376 14
95382 1
95395 96
95397 73
95398 162
95406 64
95410 105
95432 145
95436 140
95445 145
95457 164
95460 175
95476 64
95491 172
95515 159
95520 64
95525 79
95537 159
95538 64
95539 140
95542 96
95544 159
95555 14
95562 197
95600 48
95603 105
95604 184
95606 124
95607 105
95623 140
95625 140
95644 94
95672 64
95683 109
95697 48
95708 185
95715 50
95725 185
95738 198
95743 120
95758 14
95759 185
95813 159
95814 8
95821 64
95838 184
95841 169
95844 115
95846 73
95849 48
95861 197
95867 184
95870 172
95881 64
95890 1
95891 64
95902 6
95905 1
95909 159
95931 64
95944 164
95945 109
95954 1
95972 50
95997 43
96020 73
96023 159
96032 73
96035 41
96036 115
96051 64
96057 175
96064 0
96086 159
96089 0
96090 35
96102 159
96122 1
96130 1
96132 41
96158 1
96161 193
96166 64
96194 69
96198 164
96215 105
96231 6
96233 35
96244 109
96267 159
96307 14
96312 69
96317 140
96333 184
96343 197
96355 140
96359 73
96383 145
96384 115
96393 64
96402 197
96405 109
96406 172
96410 109
96411 140
96416 79
96425 184
96434 172
96438 105
96455 109
96470 105
96499 197
96516 1
96522 109
96531 48
96554 89
96561 0
96565 115
96574 48
96576 73
96606 184
96607 14
96621 12
96640 0
96641 73
96642 115
96661 73
96671 76
96683 69
96689 115
96696 76
96701 76
96704 115
96709 159
96715 105
96721 64
96722 140
96725 175
96753 140
96754 140
96791 1
96802 187
96828 140
96840 1
96844 48
96845 48
96846 43
96860 115
96863 8
96871 140
96879 35
96891 76
96917 185
96925 73
96934 102
96942 79
96946 79
96952 1
96953 159
96966 64
96974 145
96987 109
96990 43
96993 8
96994 41
97003 140
97017 159
97023 145
97024 159
97026 184
97033 73
97043 159
97091 48
97116 145
97117 159
97120 28
97137 187
97138 41
97140 105
97145 48
97176 140
97182 76
97199 79
97205 48
97215 114
97223 48
97242 159
97246 164
97254 197
97265 114
97266 73
97269 185
97270 0
97281 184
97295 172
97296 197
97302 159
97322 48
97335 140
97348 105
97357 175
97361 73
97377 175
97378 73
97390 140
97396 96
97402 48
97403 105
97410 198
97411 185
97430 105
97434 145
97449 197
97468 43
97469 105
97470 184
97475 109
97479 79
97480 159
97505 64
97509 172
97512 48
97514 109
97523 184
97527 69
97541 76
97574 159
97578 69
97582 198
97588 140
97595 172
97606 76
97608 1
97617 50
97625 109
97637 69
97655 159
97661 76
97662 49
97665 140
97668 6
97678 76
97691 185
97715 1
97725 184
97730 94
97742 64
97769 140
97774 197
97784 172
97815 109
97816 197
97819 140
97823 124
97834 184
97864 1
97866 140
97870 1
97877 187
97878 197
97879 198
97902 197
97904 62
97907 79
97931 105
97963 177
97974 175
97987 96
97988 140
97994 140
98000 109
98005 8
98016 41
98022 14
98030 184
98037 48
98039 197
98040 126
98062 50
98072 159
98073 159
98075 1
98079 185
98088 14
98089 43
98090 105
98098 105
98099 159
98117 197
98119 109
98121 109
98122 159
98128 197
98131 124
98140 197
98144 73
98166 197
98208 185
98209 109
98211 115
98229 1
98244 159
98246 64
98275 35
98290 76
98291 164
98297 8
98298 64
98313 140
98315 159
98326 172
98331 105
98353 102
98357 140
98358 198
98361 175
98369 105
98373 64
98375 79
98376 198
98381 105
98408 1
98424 105
98439 140
98455 161
98472 197
98500 197
98506 115
98545 197
98546 198
98553 184
98558 172
98559 145
98563 64
98569 87
98575 140
98576 172
98577 48
98578 172
98588 1
98593 1
98598 1
98608 64
98609 184
98610 159
98617 41
98627 69
98636 126
98639 79
98643 164
98647 69
98663 197
98670 64
98684 69
98704 48
98705 184
98706 140
98709 20
98710 77
98751 90
98753 64
98756 32
98773 184
98774 64
98797 79
98800 185
98809 175
98815 159
98818 64
98819 172
98826 105
98827 35
98833 185
98846 172
98849 197
98861 172
98863 8
98874 6
98893 184
98907 184
98908 115
98912 193
98918 76
98921 35
98932 8
98950 6
98951 140
98960 1
98973 198
98988 187
99000 105
99033 94
99052 1
99053 48
99057 12
99068 79
99099 126
99103 48
99104 64
99108 94
99117 39
99120 187
99125 35
99141 140
99144 115
99152 159
99159 79
99160 115
99167 114
99185 164
99186 79
99187 43
99200 115
99209 159
99217 140
99226 105
99242 193
99252 185
99257 152
99258 184
99262 197
99264 105
99272 64
99277 64
99278 197
99287 76
99288 43
99291 73
99315 115
99320 115
99355 41
99365 8
99376 32
99377 140
99384 175
99390 115
99391 48
99410 175
99435 76
99438 43
99441 6
99442 140
99461 48
99468 1
99475 73
99476 198
99501 197
99509 50
99539 73
99541 64
99545 109
99554 35
99578 175
99586 64
99590 164
99594 6
99595 48
99603 43
99616 140
99622 115
99626 35
99635 197
99636 169
99642 8
99644 145
99651 14
99660 197
99667 43
99670 115
99673 109
99675 140
99693 172
99694 115
99695 1
99716 171
99725 197
99734 64
99752 140
99758 185
99790 1
99797 198
99829 140
99835 77
99845 79
99870 87
99893 64
99902 115
99905 105
99906 115
99969 1
99971 184
99975 35
99987 73
99989 73
99999 43
