2000000
4000000
10000
0 14
1 0
2 0
3 10
4 3
5 0
6 0
7 13
8 0
9 2
10 0
11 0
12 0
13 2
14 0
15 0
16 0
17 0
18 78
19 0
20 0
21 0
22 0
23 0
24 1297
25 2828
26 0
27 0
28 0
29 0
30 887
31 0
32 3078
33 0
34 0
35 0
36 0
37 621
38 0
39 3
40 0
41 0
42 2
43 0
44 2
45 0
46 429
47 295
48 0
49 1
50 0
51 0
52 496
53 97
54 0
55 0
56 0
57 0
58 0
59 0
60 0
61 0
62 0
63 1437
64 0
65 0
66 0
67 0
68 59
69 0
70 616
71 1233
72 0
73 51
74 0
75 0
76 0
77 675
78 0
79 0
80 0
81 24
82 0
83 0
84 0
85 39
86 0
87 0
88 0
89 0
90 1047
91 59
92 34
93 0
94 0
95 0
96 298
97 0
98 0
99 0
100 0
101 0
102 0
103 161
104 0
105 3345
106 79
107 0
108 45
109 1440
110 0
111 2
112 6
113 0
114 1
115 2
116 3
117 0
118 103
119 8
120 0
121 0
122 0
123 0
124 0
125 0
126 1
127 580
128 3
129 8
130 2664
131 3
132 0
133 706
134 0
135 3
136 0
137 0
138 0
139 11
140 0
141 0
142 0
143 77
144 0
145 0
146 0
147 50
148 0
149 0
150 0
151 0
152 168
153 0
154 1718
155 0
156 0
157 0
158 0
159 0
160 57
161 0
162 0
163 8
164 0
165 27
166 48
167 0
168 0
169 2760
170 0
171 0
172 5
173 1554
174 0
175 0
176 0
177 0
178 0
179 0
180 30
181 0
182 1
183 296
184 500
185 0
186 0
187 1061
188 1
189 0
190 0
191 0
192 0
193 0
194 0
195 0
196 0
197 0
198 0
199 3919
200 0
201 0
202 0
203 0
204 1092
205 0
206 11
207 708
208 0
209 3099
210 3526
211 19
212 4
213 190
214 55
215 1
216 2
217 4
218 0
219 0
220 0
221 2290
222 0
223 1
224 0
225 9
226 8
227 1305
228 0
229 19
230 1777
231 30
232 0
233 24
234 1
235 0
236 0
237 0
238 0
239 0
240 0
241 2
242 0
243 0
244 0
245 0
246 9
247 0
248 31
249 0
250 2617
251 0
252 1
253 0
254 0
255 20
256 0
257 0
258 0
259 0
260 0
261 119
262 0
263 15
264 0
265 106
266 95
267 0
268 0
269 0
270 0
271 476
272 0
273 0
274 0
275 0
276 20
277 24
278 55
279 0
280 0
281 0
282 10
283 0
284 0
285 0
286 0
287 0
288 0
289 1
290 0
291 2
292 0
293 202
294 0
295 0
296 89
297 1
298 202
299 0
300 0
301 1
302 486
303 3
304 0
305 3
306 0
307 0
308 599
309 0
310 0
311 0
312 636
313 0
314 0
315 0
316 0
317 0
318 0
319 0
320 0
321 0
322 76
323 28
324 0
325 1
326 0
327 0
328 0
329 6
330 0
331 0
332 746
333 0
334 0
335 0
336 16
337 199
338 0
339 0
340 0
341 13
342 538
343 0
344 11
345 2
346 0
347 0
348 0
349 0
350 0
351 0
352 188
353 0
354 45
355 0
356 0
357 1
358 585
359 0
360 0
361 30
362 3640
363 0
364 0
365 0
366 403
367 0
368 1
369 0
370 0
371 0
372 104
373 0
374 94
375 0
376 0
377 0
378 0
379 0
380 4
381 0
382 0
383 0
384 0
385 0
386 1829
387 10
388 0
389 1
390 0
391 0
392 0
393 223
394 0
395 0
396 0
397 742
398 0
399 0
400 0
401 0
402 1087
403 0
404 24
405 0
406 0
407 0
408 0
409 0
410 0
411 0
412 0
413 0
414 0
415 0
416 0
417 0
418 0
419 0
420 0
421 0
422 805
423 0
424 1927
425 0
426 0
427 1
428 0
429 0
430 455
431 0
432 0
433 1304
434 0
435 57
436 0
437 4
438 1
439 135
440 2221
441 59
442 0
443 755
444 1
445 2679
446 8
447 0
448 0
449 0
450 4
451 0
452 0
453 1
454 2
455 134
456 0
457 0
458 0
459 0
460 1
461 0
462 3316
463 5
464 86
465 0
466 1661
467 0
468 1772
469 17
470 0
471 0
472 0
473 1
474 124
475 1
476 0
477 0
478 9
479 0
480 0
481 0
482 3
483 1
484 0
485 0
486 0
487 0
488 0
489 0
490 0
491 10
492 0
493 0
494 1
495 39
496 3
497 0
498 17
499 2
500 346
501 0
502 0
503 1663
504 0
505 1386
506 186
507 574
508 0
509 0
510 24
511 91
512 0
513 3
514 1057
515 0
516 0
517 25
518 0
519 0
520 1
521 0
522 0
523 1067
524 0
525 0
526 1
527 0
528 0
529 50
530 0
531 0
532 0
533 0
534 0
535 0
536 0
537 1
538 0
539 665
540 0
541 2115
542 0
543 1382
544 588
545 0
546 4
547 0
548 0
549 0
550 7
551 1
552 1
553 0
554 0
555 0
556 0
557 0
558 0
559 0
560 42
561 1414
562 0
563 0
564 0
565 1903
566 0
567 0
568 0
569 4012
570 4174
571 3
572 0
573 0
574 604
575 0
576 33
577 0
578 765
579 0
580 0
581 96
582 344
583 0
584 0
585 0
586 19
587 39
588 0
589 0
590 18
591 348
592 0
593 0
594 0
595 0
596 81
597 0
598 0
599 2
600 0
601 0
602 0
603 14
604 267
605 161
606 0
607 0
608 1125
609 1680
610 2
611 0
612 0
613 0
614 0
615 10
616 0
617 7
618 0
619 0
620 0
621 3
622 118
623 0
624 0
625 0
626 0
627 14
628 0
629 0
630 11
631 0
632 851
633 0
634 0
635 16
636 0
637 0
638 0
639 0
640 0
641 0
642 1
643 45
644 15
645 958
646 4
647 9
648 0
649 0
650 0
651 947
652 0
653 41
654 5
655 0
656 0
657 6
658 0
659 0
660 6
661 912
662 528
663 523
664 0
665 0
666 0
667 0
668 0
669 0
670 0
671 3
672 0
673 0
674 423
675 4
676 12
677 0
678 0
679 0
680 0
681 0
682 14
683 9
684 0
685 44
686 2370
687 1317
688 0
689 4
690 0
691 883
692 80
693 191
694 0
695 2976
696 478
697 0
698 4
699 0
700 1
701 1
702 4
703 0
704 201
705 0
706 0
707 1
708 9
709 1
710 0
711 0
712 0
713 1
714 0
715 0
716 0
717 31
718 0
719 0
720 2753
721 0
722 0
723 0
724 0
725 440
726 0
727 38
728 0
729 0
730 1
731 2
732 0
733 0
734 0
735 1
736 0
737 33
738 0
739 0
740 0
741 126
742 0
743 3
744 816
745 0
746 4
747 0
748 1
749 152
750 0
751 0
752 1
753 993
754 0
755 2063
756 13
757 0
758 0
759 0
760 32
761 78
762 0
763 0
764 3
765 19
766 1
767 1372
768 0
769 0
770 0
771 0
772 0
773 0
774 15
775 816
776 0
777 0
778 0
779 0
780 0
781 0
782 203
783 279
784 0
785 0
786 0
787 0
788 0
789 12
790 2
791 71
792 0
793 146
794 0
795 0
796 0
797 0
798 1145
799 0
800 0
801 2
802 126
803 0
804 5
805 0
806 70
807 0
808 395
809 3
810 596
811 0
812 0
813 0
814 0
815 0
816 0
817 1
818 23
819 0
820 20
821 0
822 4141
823 21
824 33
825 223
826 0
827 0
828 0
829 0
830 1451
831 8
832 0
833 287
834 1
835 0
836 0
837 0
838 93
839 0
840 0
841 0
842 0
843 1801
844 28
845 8
846 0
847 48
848 0
849 5
850 135
851 27
852 0
853 0
854 0
855 15
856 0
857 0
858 0
859 0
860 0
861 0
862 0
863 0
864 0
865 0
866 0
867 0
868 0
869 0
870 0
871 0
872 0
873 0
874 0
875 0
876 2
877 0
878 0
879 0
880 8
881 2931
882 0
883 0
884 0
885 77
886 0
887 0
888 0
889 263
890 0
891 28
892 4
893 0
894 0
895 0
896 54
897 0
898 10
899 0
900 0
901 0
902 0
903 0
904 976
905 0
906 0
907 6
908 441
909 0
910 0
911 0
912 0
913 339
914 2061
915 0
916 0
917 0
918 0
919 21
920 38
921 0
922 0
923 11
924 26
925 887
926 0
927 0
928 1930
929 321
930 0
931 0
932 0
933 0
934 230
935 15
936 0
937 170
938 0
939 0
940 0
941 0
942 0
943 0
944 0
945 0
946 3156
947 158
948 19
949 71
950 0
951 329
952 0
953 0
954 40
955 0
956 0
957 2
958 879
959 2403
960 0
961 0
962 0
963 786
964 0
965 101
966 0
967 0
968 0
969 579
970 2
971 0
972 9
973 889
974 0
975 0
976 0
977 0
978 102
979 215
980 0
981 4
982 4274
983 0
984 0
985 0
986 625
987 0
988 0
989 0
990 2
991 0
992 0
993 0
994 0
995 0
996 0
997 214
998 7
999 0
1000 0
1001 975
1002 0
1003 105
1004 0
1005 213
1006 0
1007 0
1008 159
1009 2
1010 1
1011 0
1012 0
1013 0
1014 0
1015 0
1016 0
1017 105
1018 0
1019 0
1020 0
1021 3
1022 3070
1023 0
1024 0
1025 3
1026 73
1027 215
1028 1
1029 0
1030 0
1031 0
1032 9
1033 0
1034 51
1035 7
1036 1155
1037 1500
1038 7
1039 1
1040 0
1041 0
1042 0
1043 0
1044 0
1045 42
1046 0
1047 0
1048 0
1049 19
1050 1249
1051 0
1052 158
1053 0
1054 0
1055 2
1056 411
1057 0
1058 13
1059 0
1060 5
1061 0
1062 0
1063 0
1064 6
1065 0
1066 548
1067 870
1068 1
1069 0
1070 5
1071 234
1072 2
1073 0
1074 122
1075 496
1076 0
1077 0
1078 0
1079 3675
1080 0
1081 1
1082 0
1083 627
1084 0
1085 2
1086 27
1087 0
1088 0
1089 0
1090 0
1091 0
1092 897
1093 112
1094 0
1095 713
1096 0
1097 0
1098 1875
1099 0
1100 0
1101 0
1102 5
1103 160
1104 0
1105 1
1106 0
1107 0
1108 0
1109 0
1110 0
1111 0
1112 0
1113 0
1114 0
1115 4053
1116 0
1117 0
1118 0
1119 0
1120 0
1121 0
1122 0
1123 168
1124 58
1125 3432
1126 0
1127 341
1128 0
1129 0
1130 0
1131 0
1132 31
1133 4
1134 1223
1135 0
1136 615
1137 1076
1138 0
1139 0
1140 59
1141 0
1142 0
1143 0
1144 0
1145 2
1146 1414
1147 17
1148 2049
1149 0
1150 595
1151 0
1152 0
1153 12
1154 1
1155 2
1156 65
1157 0
1158 0
1159 37
1160 5
1161 0
1162 1
1163 101
1164 13
1165 0
1166 0
1167 0
1168 0
1169 5
1170 1
1171 0
1172 58
1173 0
1174 125
1175 1
1176 422
1177 0
1178 313
1179 25
1180 0
1181 0
1182 0
1183 4096
1184 0
1185 0
1186 0
1187 0
1188 0
1189 76
1190 1552
1191 0
1192 2
1193 1
1194 229
1195 0
1196 0
1197 0
1198 0
1199 5
1200 0
1201 426
1202 0
1203 0
1204 85
1205 0
1206 518
1207 618
1208 36
1209 0
1210 0
1211 0
1212 0
1213 0
1214 0
1215 53
1216 0
1217 0
1218 0
1219 0
1220 2
1221 165
1222 1
1223 413
1224 0
1225 1923
1226 0
1227 0
1228 0
1229 0
1230 0
1231 0
1232 189
1233 91
1234 0
1235 11
1236 0
1237 0
1238 0
1239 0
1240 0
1241 206
1242 0
1243 0
1244 0
1245 0
1246 0
1247 0
1248 0
1249 8
1250 258
1251 5
1252 4
1253 145
1254 0
1255 0
1256 0
1257 1439
1258 225
1259 0
1260 0
1261 0
1262 3
1263 0
1264 178
1265 0
1266 0
1267 0
1268 0
1269 0
1270 0
1271 0
1272 0
1273 0
1274 0
1275 0
1276 256
1277 0
1278 103
1279 0
1280 0
1281 0
1282 0
1283 0
1284 909
1285 0
1286 0
1287 0
1288 401
1289 0
1290 0
1291 0
1292 0
1293 21
1294 5
1295 0
1296 0
1297 0
1298 0
1299 0
1300 1
1301 0
1302 900
1303 41
1304 1
1305 0
1306 16
1307 0
1308 966
1309 0
1310 0
1311 0
1312 0
1313 0
1314 0
1315 0
1316 59
1317 4025
1318 0
1319 0
1320 22
1321 368
1322 0
1323 0
1324 1109
1325 90
1326 0
1327 0
1328 0
1329 60
1330 1752
1331 0
1332 5
1333 45
1334 0
1335 4
1336 1049
1337 0
1338 0
1339 0
1340 103
1341 0
1342 0
1343 0
1344 261
1345 0
1346 87
1347 163
1348 0
1349 136
1350 0
1351 0
1352 0
1353 0
1354 799
1355 0
1356 0
1357 24
1358 0
1359 2
1360 1
1361 0
1362 0
1363 0
1364 8
1365 100
1366 0
1367 3
1368 0
1369 1787
1370 0
1371 0
1372 0
1373 1288
1374 2
1375 0
1376 1
1377 0
1378 0
1379 0
1380 3
1381 0
1382 10
1383 6
1384 0
1385 64
1386 0
1387 0
1388 0
1389 6
1390 0
1391 0
1392 0
1393 0
1394 0
1395 0
1396 0
1397 0
1398 0
1399 6
1400 1031
1401 3434
1402 0
1403 0
1404 0
1405 0
1406 0
1407 0
1408 0
1409 0
1410 4
1411 134
1412 1
1413 0
1414 1405
1415 4465
1416 61
1417 0
1418 2151
1419 0
1420 1023
1421 8
1422 469
1423 3
1424 0
1425 620
1426 630
1427 0
1428 1609
1429 0
1430 0
1431 3
1432 0
1433 0
1434 3
1435 0
1436 1
1437 0
1438 14
1439 326
1440 480
1441 0
1442 0
1443 0
1444 25
1445 0
1446 0
1447 2
1448 3
1449 0
1450 0
1451 16
1452 0
1453 2
1454 0
1455 25
1456 0
1457 9
1458 0
1459 15
1460 0
1461 0
1462 0
1463 0
1464 0
1465 22
1466 0
1467 0
1468 0
1469 12
1470 0
1471 0
1472 0
1473 29
1474 1084
1475 0
1476 11
1477 0
1478 101
1479 0
1480 0
1481 0
1482 610
1483 0
1484 0
1485 173
1486 0
1487 2
1488 1150
1489 0
1490 2
1491 0
1492 497
1493 81
1494 0
1495 0
1496 1
1497 0
1498 120
1499 0
1500 0
1501 143
1502 0
1503 0
1504 2
1505 9
1506 2
1507 3441
1508 19
1509 5
1510 0
1511 81
1512 44
1513 1
1514 848
1515 0
1516 63
1517 5
1518 21
1519 0
1520 0
1521 0
1522 0
1523 0
1524 0
1525 0
1526 0
1527 0
1528 1
1529 0
1530 0
1531 0
1532 0
1533 419
1534 37
1535 0
1536 0
1537 0
1538 0
1539 0
1540 16
1541 1
1542 0
1543 475
1544 54
1545 0
1546 0
1547 170
1548 467
1549 83
1550 211
1551 0
1552 3651
1553 555
1554 30
1555 1257
1556 0
1557 15
1558 0
1559 1
1560 163
1561 0
1562 1
1563 0
1564 0
1565 0
1566 0
1567 1
1568 2
1569 9
1570 0
1571 0
1572 0
1573 0
1574 29
1575 0
1576 3454
1577 5
1578 344
1579 6
1580 20
1581 0
1582 380
1583 6
1584 1
1585 789
1586 94
1587 1
1588 0
1589 166
1590 84
1591 131
1592 248
1593 3111
1594 0
1595 0
1596 0
1597 0
1598 0
1599 0
1600 0
1601 0
1602 0
1603 0
1604 21
1605 47
1606 0
1607 0
1608 0
1609 1
1610 0
1611 0
1612 1203
1613 0
1614 1
1615 1
1616 0
1617 2
1618 0
1619 2877
1620 0
1621 0
1622 711
1623 4455
1624 907
1625 0
1626 0
1627 33
1628 0
1629 6
1630 24
1631 0
1632 3523
1633 1
1634 1
1635 0
1636 895
1637 49
1638 0
1639 0
1640 37
1641 1441
1642 0
1643 0
1644 2128
1645 1
1646 0
1647 248
1648 0
1649 0
1650 1851
1651 0
1652 0
1653 0
1654 0
1655 128
1656 1320
1657 0
1658 0
1659 8
1660 0
1661 0
1662 0
1663 0
1664 0
1665 2328
1666 0
1667 95
1668 61
1669 5
1670 0
1671 0
1672 0
1673 320
1674 0
1675 4026
1676 0
1677 801
1678 0
1679 1865
1680 0
1681 0
1682 0
1683 160
1684 1
1685 862
1686 0
1687 0
1688 3
1689 0
1690 1571
1691 131
1692 0
1693 0
1694 604
1695 3
1696 0
1697 0
1698 0
1699 0
1700 0
1701 381
1702 0
1703 0
1704 15
1705 62
1706 0
1707 0
1708 100
1709 24
1710 1785
1711 1
1712 0
1713 1
1714 243
1715 0
1716 0
1717 83
1718 0
1719 0
1720 0
1721 0
1722 44
1723 43
1724 0
1725 0
1726 578
1727 0
1728 3
1729 2
1730 6
1731 1710
1732 478
1733 0
1734 0
1735 0
1736 0
1737 73
1738 0
1739 0
1740 0
1741 0
1742 0
1743 18
1744 266
1745 0
1746 0
1747 0
1748 0
1749 8
1750 29
1751 0
1752 0
1753 0
1754 0
1755 0
1756 0
1757 0
1758 0
1759 0
1760 0
1761 0
1762 0
1763 0
1764 93
1765 0
1766 0
1767 0
1768 1
1769 1
1770 0
1771 0
1772 0
1773 0
1774 483
1775 0
1776 5
1777 0
1778 0
1779 879
1780 0
1781 0
1782 55
1783 1
1784 2
1785 0
1786 0
1787 0
1788 0
1789 0
1790 11
1791 0
1792 0
1793 0
1794 1087
1795 496
1796 0
1797 0
1798 538
1799 0
1800 0
1801 1
1802 2
1803 0
1804 0
1805 496
1806 0
1807 3013
1808 103
1809 0
1810 972
1811 174
1812 0
1813 0
1814 485
1815 85
1816 1
1817 0
1818 1943
1819 1
1820 1
1821 0
1822 1648
1823 1341
1824 0
1825 0
1826 0
1827 815
1828 0
1829 0
1830 610
1831 6
1832 0
1833 0
1834 0
1835 84
1836 25
1837 0
1838 45
1839 9
1840 31
1841 2
1842 0
1843 0
1844 0
1845 0
1846 0
1847 0
1848 0
1849 0
1850 1
1851 0
1852 320
1853 0
1854 0
1855 0
1856 6
1857 0
1858 1649
1859 0
1860 0
1861 0
1862 0
1863 825
1864 2
1865 0
1866 0
1867 1
1868 0
1869 0
1870 0
1871 7
1872 0
1873 33
1874 0
1875 0
1876 0
1877 0
1878 0
1879 264
1880 2777
1881 0
1882 3
1883 42
1884 132
1885 0
1886 0
1887 333
1888 992
1889 70
1890 633
1891 1
1892 2704
1893 2126
1894 0
1895 1616
1896 6
1897 0
1898 0
1899 0
1900 0
1901 0
1902 123
1903 0
1904 0
1905 1411
1906 0
1907 1
1908 3935
1909 0
1910 0
1911 23
1912 0
1913 0
1914 0
1915 0
1916 0
1917 0
1918 388
1919 0
1920 30
1921 8
1922 22
1923 0
1924 0
1925 0
1926 0
1927 1
1928 0
1929 0
1930 0
1931 0
1932 0
1933 804
1934 0
1935 2169
1936 0
1937 0
1938 0
1939 1120
1940 2
1941 99
1942 0
1943 0
1944 0
1945 0
1946 0
1947 13
1948 0
1949 13
1950 74
1951 0
1952 2
1953 262
1954 0
1955 1
1956 8
1957 933
1958 0
1959 92
1960 0
1961 0
1962 0
1963 0
1964 0
1965 0
1966 0
1967 0
1968 0
1969 0
1970 2
1971 38
1972 0
1973 31
1974 2
1975 0
1976 0
1977 1405
1978 438
1979 0
1980 36
1981 30
1982 0
1983 0
1984 23
1985 0
1986 0
1987 0
1988 0
1989 0
1990 0
1991 643
1992 1
1993 0
1994 0
1995 787
1996 48
1997 0
1998 76
1999 0
2000 0
2001 0
2002 0
2003 0
2004 0
2005 0
2006 1
2007 0
2008 0
2009 0
2010 1
2011 0
2012 0
2013 0
2014 25
2015 0
2016 0
2017 1
2018 0
2019 0
2020 0
2021 0
2022 4
2023 0
2024 0
2025 1
2026 36
2027 2451
2028 0
2029 0
2030 437
2031 0
2032 3
2033 0
2034 12
2035 0
2036 0
2037 0
2038 0
2039 0
2040 0
2041 0
2042 0
2043 53
2044 1
2045 0
2046 1
2047 0
2048 0
2049 1
2050 81
2051 616
2052 0
2053 14
2054 0
2055 3531
2056 0
2057 0
2058 0
2059 0
2060 442
2061 0
2062 1
2063 0
2064 0
2065 14
2066 0
2067 742
2068 77
2069 0
2070 10
2071 0
2072 0
2073 0
2074 612
2075 0
2076 0
2077 0
2078 2360
2079 4
2080 0
2081 0
2082 7
2083 0
2084 6
2085 309
2086 90
2087 157
2088 8
2089 0
2090 219
2091 0
2092 40
2093 1
2094 0
2095 0
2096 3069
2097 0
2098 53
2099 1255
2100 0
2101 1
2102 222
2103 566
2104 0
2105 0
2106 0
2107 0
2108 0
2109 17
2110 0
2111 0
2112 2
2113 37
2114 0
2115 68
2116 1
2117 0
2118 119
2119 1
2120 0
2121 0
2122 1465
2123 0
2124 0
2125 8
2126 0
2127 21
2128 0
2129 264
2130 0
2131 1
2132 0
2133 0
2134 0
2135 1
2136 0
2137 0
2138 0
2139 0
2140 34
2141 0
2142 0
2143 3
2144 0
2145 172
2146 0
2147 0
2148 0
2149 0
2150 0
2151 0
2152 329
2153 0
2154 0
2155 0
2156 0
2157 37
2158 2
2159 0
2160 0
2161 0
2162 0
2163 0
2164 0
2165 36
2166 0
2167 1993
2168 7
2169 0
2170 4
2171 1
2172 46
2173 0
2174 0
2175 0
2176 0
2177 1880
2178 0
2179 0
2180 4
2181 0
2182 19
2183 2811
2184 0
2185 0
2186 0
2187 0
2188 0
2189 2596
2190 0
2191 1
2192 264
2193 0
2194 0
2195 160
2196 0
2197 0
2198 0
2199 78
2200 0
2201 1
2202 0
2203 0
2204 0
2205 0
2206 0
2207 0
2208 1
2209 0
2210 0
2211 0
2212 0
2213 715
2214 48
2215 0
2216 207
2217 0
2218 0
2219 4053
2220 1
2221 3269
2222 0
2223 0
2224 1
2225 0
2226 0
2227 0
2228 16
2229 0
2230 0
2231 407
2232 2
2233 0
2234 0
2235 9
2236 0
2237 0
2238 0
2239 1
2240 0
2241 25
2242 0
2243 2617
2244 0
2245 0
2246 0
2247 0
2248 0
2249 274
2250 1
2251 0
2252 4
2253 19
2254 0
2255 0
2256 257
2257 0
2258 0
2259 0
2260 0
2261 28
2262 7
2263 0
2264 1440
2265 328
2266 209
2267 0
2268 35
2269 70
2270 0
2271 0
2272 1
2273 63
2274 0
2275 0
2276 0
2277 0
2278 0
2279 0
2280 0
2281 1
2282 0
2283 0
2284 4
2285 0
2286 0
2287 0
2288 0
2289 0
2290 0
2291 0
2292 67
2293 0
2294 0
2295 0
2296 15
2297 0
2298 2204
2299 0
2300 7
2301 3
2302 1923
2303 2
2304 0
2305 45
2306 107
2307 69
2308 0
2309 0
2310 0
2311 0
2312 0
2313 26
2314 0
2315 0
2316 0
2317 0
2318 0
2319 0
2320 0
2321 0
2322 0
2323 0
2324 48
2325 4
2326 2
2327 0
2328 48
2329 6
2330 3475
2331 2572
2332 191
2333 0
2334 0
2335 0
2336 0
2337 1
2338 0
2339 0
2340 0
2341 0
2342 0
2343 294
2344 256
2345 0
2346 462
2347 1
2348 59
2349 0
2350 0
2351 94
2352 0
2353 0
2354 2389
2355 0
2356 117
2357 1
2358 0
2359 2
2360 0
2361 30
2362 1
2363 0
2364 0
2365 5
2366 3
2367 0
2368 0
2369 0
2370 0
2371 0
2372 1038
2373 0
2374 2
2375 1
2376 0
2377 2406
2378 0
2379 13
2380 762
2381 2857
2382 0
2383 0
2384 0
2385 1
2386 8
2387 1
2388 0
2389 1179
2390 3
2391 1024
2392 9
2393 0
2394 1
2395 5
2396 18
2397 0
2398 0
2399 1
2400 0
2401 0
2402 0
2403 0
2404 0
2405 0
2406 0
2407 0
2408 230
2409 19
2410 2
2411 0
2412 0
2413 0
2414 65
2415 112
2416 0
2417 0
2418 1
2419 2754
2420 0
2421 16
2422 0
2423 0
2424 0
2425 0
2426 0
2427 29
2428 0
2429 0
2430 0
2431 0
2432 0
2433 0
2434 46
2435 0
2436 24
2437 6
2438 0
2439 0
2440 0
2441 0
2442 0
2443 0
2444 300
2445 0
2446 2
2447 186
2448 30
2449 370
2450 0
2451 0
2452 0
2453 0
2454 1
2455 37
2456 218
2457 4
2458 0
2459 0
2460 1
2461 1333
2462 0
2463 4430
2464 0
2465 5
2466 0
2467 0
2468 2659
2469 0
2470 0
2471 1057
2472 0
2473 392
2474 0
2475 108
2476 0
2477 3618
2478 0
2479 0
2480 0
2481 9
2482 29
2483 9
2484 0
2485 1590
2486 0
2487 0
2488 0
2489 0
2490 1
2491 1912
2492 0
2493 0
2494 0
2495 0
2496 0
2497 0
2498 2
2499 0
2500 0
2501 0
2502 1
2503 0
2504 1
2505 0
2506 0
2507 34
2508 85
2509 0
2510 0
2511 112
2512 719
2513 0
2514 0
2515 60
2516 0
2517 0
2518 0
2519 335
2520 236
2521 0
2522 32
2523 0
2524 0
2525 0
2526 0
2527 0
2528 0
2529 21
2530 332
2531 3
2532 0
2533 0
2534 1
2535 1388
2536 2
2537 0
2538 0
2539 58
2540 0
2541 0
2542 119
2543 0
2544 0
2545 4282
2546 0
2547 0
2548 55
2549 5
2550 2
2551 0
2552 0
2553 1
2554 0
2555 0
2556 0
2557 147
2558 0
2559 0
2560 47
2561 159
2562 0
2563 0
2564 28
2565 0
2566 0
2567 4351
2568 127
2569 815
2570 0
2571 547
2572 0
2573 0
2574 0
2575 1
2576 0
2577 0
2578 0
2579 0
2580 1
2581 2
2582 0
2583 37
2584 0
2585 8
2586 0
2587 0
2588 4
2589 0
2590 0
2591 3205
2592 0
2593 1862
2594 0
2595 0
2596 0
2597 1657
2598 3
2599 5
2600 0
2601 0
2602 0
2603 0
2604 0
2605 0
2606 230
2607 0
2608 0
2609 597
2610 0
2611 0
2612 0
2613 467
2614 0
2615 0
2616 0
2617 1137
2618 0
2619 64
2620 0
2621 0
2622 16
2623 0
2624 0
2625 363
2626 21
2627 0
2628 455
2629 0
2630 3368
2631 0
2632 64
2633 0
2634 4
2635 0
2636 1
2637 0
2638 1
2639 0
2640 0
2641 4
2642 0
2643 0
2644 0
2645 65
2646 0
2647 0
2648 0
2649 0
2650 0
2651 0
2652 0
2653 104
2654 30
2655 3551
2656 2184
2657 3585
2658 0
2659 0
2660 0
2661 0
2662 0
2663 0
2664 0
2665 11
2666 11
2667 0
2668 0
2669 0
2670 0
2671 34
2672 0
2673 0
2674 680
2675 664
2676 154
2677 0
2678 0
2679 208
2680 0
2681 0
2682 2
2683 1
2684 19
2685 0
2686 10
2687 0
2688 0
2689 0
2690 0
2691 1
2692 0
2693 1
2694 8
2695 0
2696 0
2697 1907
2698 0
2699 4204
2700 14
2701 0
2702 0
2703 559
2704 0
2705 0
2706 0
2707 3
2708 0
2709 0
2710 1683
2711 102
2712 4
2713 0
2714 226
2715 2150
2716 0
2717 0
2718 0
2719 0
2720 0
2721 0
2722 0
2723 11
2724 0
2725 1
2726 430
2727 4
2728 0
2729 1
2730 0
2731 7
2732 154
2733 6
2734 8
2735 9
2736 1
2737 0
2738 0
2739 1
2740 0
2741 0
2742 3
2743 0
2744 0
2745 0
2746 11
2747 6
2748 0
2749 7
2750 0
2751 0
2752 1507
2753 2
2754 5
2755 0
2756 0
2757 0
2758 0
2759 0
2760 0
2761 6
2762 2297
2763 0
2764 0
2765 0
2766 0
2767 1
2768 0
2769 0
2770 14
2771 0
2772 0
2773 0
2774 129
2775 0
2776 17
2777 1
2778 0
2779 346
2780 0
2781 0
2782 0
2783 0
2784 0
2785 1
2786 0
2787 0
2788 2598
2789 0
2790 44
2791 0
2792 34
2793 0
2794 2552
2795 2
2796 0
2797 12
2798 6
2799 0
2800 594
2801 4
2802 2
2803 0
2804 46
2805 3
2806 0
2807 12
2808 0
2809 0
2810 0
2811 0
2812 425
2813 0
2814 0
2815 0
2816 0
2817 65
2818 0
2819 0
2820 127
2821 0
2822 186
2823 0
2824 0
2825 17
2826 0
2827 0
2828 0
2829 150
2830 184
2831 0
2832 0
2833 1
2834 0
2835 5
2836 73
2837 0
2838 0
2839 0
2840 10
2841 21
2842 0
2843 174
2844 0
2845 1
2846 0
2847 4041
2848 490
2849 249
2850 14
2851 21
2852 0
2853 4508
2854 0
2855 0
2856 78
2857 1
2858 290
2859 102
2860 0
2861 0
2862 2534
2863 66
2864 0
2865 3
2866 0
2867 0
2868 37
2869 193
2870 1
2871 0
2872 0
2873 0
2874 9
2875 2030
2876 2
2877 1587
2878 1
2879 86
2880 49
2881 0
2882 9
2883 0
2884 5
2885 0
2886 2
2887 1
2888 1
2889 0
2890 21
2891 0
2892 0
2893 2
2894 0
2895 0
2896 2807
2897 0
2898 0
2899 0
2900 0
2901 0
2902 0
2903 1
2904 0
2905 0
2906 0
2907 0
2908 0
2909 190
2910 0
2911 0
2912 0
2913 0
2914 0
2915 305
2916 0
2917 0
2918 0
2919 71
2920 0
2921 6
2922 0
2923 2
2924 0
2925 0
2926 222
2927 356
2928 1
2929 0
2930 444
2931 115
2932 0
2933 0
2934 1
2935 3
2936 5
2937 0
2938 46
2939 812
2940 0
2941 0
2942 0
2943 0
2944 0
2945 1
2946 0
2947 0
2948 0
2949 0
2950 216
2951 2794
2952 0
2953 0
2954 2013
2955 3340
2956 3161
2957 0
2958 18
2959 288
2960 0
2961 2320
2962 0
2963 0
2964 0
2965 3108
2966 0
2967 0
2968 0
2969 0
2970 71
2971 94
2972 3381
2973 0
2974 0
2975 190
2976 0
2977 2320
2978 0
2979 0
2980 0
2981 0
2982 0
2983 0
2984 1
2985 189
2986 0
2987 0
2988 0
2989 214
2990 0
2991 0
2992 0
2993 0
2994 0
2995 1
2996 0
2997 0
2998 0
2999 14
3000 21
3001 170
3002 0
3003 1
3004 0
3005 153
3006 22
3007 0
3008 2347
3009 6
3010 0
3011 0
3012 60
3013 0
3014 822
3015 0
3016 0
3017 0
3018 0
3019 20
3020 2
3021 0
3022 0
3023 0
3024 0
3025 0
3026 27
3027 0
3028 424
3029 0
3030 9
3031 486
3032 2270
3033 62
3034 0
3035 0
3036 1
3037 0
3038 0
3039 1
3040 45
3041 397
3042 59
3043 0
3044 578
3045 130
3046 0
3047 192
3048 0
3049 65
3050 1
3051 6
3052 37
3053 29
3054 0
3055 62
3056 1
3057 22
3058 0
3059 0
3060 0
3061 0
3062 0
3063 0
3064 3389
3065 0
3066 0
3067 1180
3068 1
3069 30
3070 0
3071 0
3072 0
3073 0
3074 0
3075 0
3076 0
3077 0
3078 0
3079 2
3080 0
3081 1
3082 0
3083 1473
3084 2
3085 0
3086 1395
3087 0
3088 151
3089 0
3090 0
3091 0
3092 3175
3093 0
3094 0
3095 0
3096 1
3097 134
3098 0
3099 0
3100 0
3101 893
3102 0
3103 0
3104 164
3105 12
3106 0
3107 0
3108 0
3109 14
3110 0
3111 0
3112 190
3113 0
3114 0
3115 0
3116 0
3117 1082
3118 0
3119 5
3120 2779
3121 0
3122 38
3123 0
3124 0
3125 0
3126 0
3127 0
3128 0
3129 0
3130 0
3131 0
3132 0
3133 0
3134 349
3135 1
3136 0
3137 0
3138 0
3139 814
3140 0
3141 0
3142 0
3143 2658
3144 4
3145 0
3146 1
3147 0
3148 0
3149 117
3150 104
3151 0
3152 0
3153 0
3154 0
3155 1
3156 32
3157 0
3158 226
3159 0
3160 0
3161 0
3162 0
3163 3
3164 73
3165 0
3166 0
3167 40
3168 160
3169 11
3170 7
3171 0
3172 0
3173 0
3174 47
3175 0
3176 1517
3177 0
3178 1
3179 10
3180 0
3181 0
3182 1
3183 3776
3184 0
3185 0
3186 0
3187 0
3188 361
3189 0
3190 0
3191 0
3192 0
3193 1111
3194 0
3195 0
3196 0
3197 0
3198 1
3199 0
3200 37
3201 18
3202 263
3203 0
3204 0
3205 12
3206 0
3207 0
3208 0
3209 2
3210 0
3211 12
3212 0
3213 2870
3214 1257
3215 0
3216 0
3217 0
3218 0
3219 2051
3220 0
3221 0
3222 0
3223 2
3224 0
3225 0
3226 9
3227 4
3228 10
3229 0
3230 7
3231 2706
3232 0
3233 103
3234 0
3235 0
3236 1051
3237 4
3238 83
3239 0
3240 23
3241 0
3242 34
3243 0
3244 0
3245 0
3246 0
3247 0
3248 0
3249 1
3250 654
3251 0
3252 0
3253 0
3254 0
3255 3
3256 0
3257 0
3258 0
3259 0
3260 0
3261 0
3262 0
3263 0
3264 0
3265 62
3266 0
3267 0
3268 546
3269 11
3270 2120
3271 49
3272 23
3273 52
3274 0
3275 0
3276 34
3277 531
3278 0
3279 0
3280 1716
3281 3
3282 0
3283 656
3284 1756
3285 0
3286 11
3287 97
3288 1177
3289 3
3290 0
3291 2
3292 0
3293 0
3294 0
3295 20
3296 3794
3297 155
3298 6
3299 28
3300 0
3301 2
3302 0
3303 0
3304 0
3305 1349
3306 470
3307 0
3308 0
3309 0
3310 10
3311 0
3312 134
3313 2
3314 0
3315 0
3316 0
3317 0
3318 661
3319 0
3320 0
3321 0
3322 0
3323 0
3324 0
3325 0
3326 0
3327 0
3328 351
3329 483
3330 2347
3331 0
3332 0
3333 0
3334 4
3335 206
3336 0
3337 0
3338 0
3339 0
3340 0
3341 1
3342 0
3343 0
3344 0
3345 0
3346 65
3347 0
3348 31
3349 0
3350 5
3351 0
3352 0
3353 2959
3354 92
3355 0
3356 0
3357 0
3358 0
3359 15
3360 0
3361 0
3362 0
3363 0
3364 0
3365 3371
3366 0
3367 27
3368 0
3369 0
3370 0
3371 0
3372 0
3373 0
3374 0
3375 199
3376 754
3377 0
3378 0
3379 0
3380 2178
3381 0
3382 0
3383 0
3384 0
3385 1
3386 3
3387 3024
3388 0
3389 0
3390 0
3391 0
3392 76
3393 0
3394 25
3395 2
3396 0
3397 0
3398 0
3399 0
3400 0
3401 0
3402 191
3403 0
3404 3989
3405 4
3406 0
3407 2
3408 0
3409 2
3410 1623
3411 0
3412 0
3413 13
3414 0
3415 2
3416 0
3417 0
3418 0
3419 785
3420 0
3421 426
3422 0
3423 0
3424 0
3425 0
3426 2087
3427 0
3428 9
3429 0
3430 0
3431 32
3432 0
3433 17
3434 0
3435 0
3436 0
3437 0
3438 7
3439 0
3440 0
3441 0
3442 24
3443 0
3444 0
3445 2
3446 0
3447 0
3448 0
3449 0
3450 3108
3451 0
3452 148
3453 22
3454 2040
3455 0
3456 0
3457 0
3458 0
3459 0
3460 0
3461 0
3462 0
3463 0
3464 25
3465 2
3466 0
3467 0
3468 0
3469 0
3470 1
3471 0
3472 0
3473 0
3474 0
3475 58
3476 0
3477 0
3478 6
3479 0
3480 1314
3481 296
3482 4530
3483 0
3484 0
3485 11
3486 0
3487 0
3488 0
3489 0
3490 0
3491 115
3492 0
3493 0
3494 0
3495 0
3496 0
3497 0
3498 1
3499 0
3500 6
3501 3
3502 0
3503 0
3504 583
3505 546
3506 0
3507 535
3508 0
3509 2
3510 17
3511 0
3512 42
3513 0
3514 0
3515 588
3516 0
3517 2
3518 189
3519 39
3520 1061
3521 0
3522 0
3523 0
3524 0
3525 0
3526 0
3527 0
3528 170
3529 0
3530 0
3531 0
3532 11
3533 3105
3534 6
3535 0
3536 83
3537 0
3538 0
3539 1330
3540 11
3541 0
3542 134
3543 0
3544 2
3545 517
3546 5
3547 0
3548 101
3549 69
3550 0
3551 0
3552 0
3553 5
3554 460
3555 0
3556 0
3557 19
3558 0
3559 112
3560 0
3561 706
3562 0
3563 0
3564 0
3565 413
3566 0
3567 0
3568 0
3569 0
3570 1185
3571 0
3572 0
3573 4
3574 4
3575 298
3576 0
3577 2577
3578 0
3579 0
3580 1
3581 0
3582 0
3583 0
3584 222
3585 3
3586 0
3587 0
3588 0
3589 121
3590 1
3591 0
3592 550
3593 0
3594 1282
3595 0
3596 0
3597 0
3598 0
3599 1
3600 0
3601 0
3602 0
3603 0
3604 2
3605 9
3606 0
3607 0
3608 20
3609 0
3610 0
3611 252
3612 0
3613 2114
3614 85
3615 1
3616 3
3617 1
3618 0
3619 0
3620 1085
3621 0
3622 0
3623 0
3624 22
3625 24
3626 0
3627 0
3628 0
3629 0
3630 0
3631 0
3632 2
3633 3
3634 1
3635 0
3636 0
3637 0
3638 0
3639 0
3640 2682
3641 0
3642 445
3643 1
3644 0
3645 778
3646 0
3647 0
3648 0
3649 96
3650 0
3651 0
3652 0
3653 1
3654 288
3655 0
3656 0
3657 373
3658 1
3659 0
3660 0
3661 480
3662 0
3663 0
3664 2
3665 106
3666 1
3667 0
3668 57
3669 0
3670 0
3671 0
3672 0
3673 0
3674 0
3675 0
3676 0
3677 12
3678 3
3679 19
3680 59
3681 0
3682 19
3683 251
3684 0
3685 0
3686 2
3687 68
3688 397
3689 2625
3690 98
3691 0
3692 1225
3693 18
3694 1
3695 0
3696 0
3697 35
3698 764
3699 9
3700 0
3701 0
3702 308
3703 527
3704 0
3705 870
3706 399
3707 5
3708 23
3709 3
3710 0
3711 0
3712 287
3713 0
3714 0
3715 0
3716 0
3717 0
3718 2457
3719 0
3720 47
3721 0
3722 1
3723 0
3724 7
3725 0
3726 0
3727 0
3728 0
3729 10
3730 0
3731 0
3732 0
3733 1069
3734 1449
3735 0
3736 2741
3737 0
3738 22
3739 0
3740 1
3741 41
3742 0
3743 0
3744 0
3745 0
3746 0
3747 0
3748 31
3749 5
3750 12
3751 0
3752 0
3753 0
3754 0
3755 3
3756 219
3757 0
3758 0
3759 0
3760 0
3761 1
3762 0
3763 372
3764 0
3765 0
3766 0
3767 0
3768 286
3769 0
3770 0
3771 0
3772 0
3773 0
3774 0
3775 0
3776 0
3777 0
3778 583
3779 0
3780 169
3781 0
3782 0
3783 20
3784 0
3785 0
3786 0
3787 0
3788 0
3789 0
3790 21
3791 0
3792 0
3793 0
3794 232
3795 8
3796 0
3797 0
3798 3
3799 9
3800 0
3801 133
3802 0
3803 0
3804 0
3805 0
3806 0
3807 0
3808 0
3809 0
3810 0
3811 404
3812 12
3813 0
3814 0
3815 1
3816 0
3817 3
3818 0
3819 0
3820 90
3821 0
3822 0
3823 0
3824 0
3825 1
3826 123
3827 0
3828 0
3829 0
3830 1
3831 48
3832 0
3833 0
3834 461
3835 0
3836 1
3837 2
3838 0
3839 0
3840 0
3841 203
3842 167
3843 23
3844 258
3845 4
3846 0
3847 0
3848 18
3849 2
3850 0
3851 1
3852 0
3853 0
3854 0
3855 1
3856 0
3857 0
3858 0
3859 0
3860 0
3861 0
3862 0
3863 822
3864 2411
3865 410
3866 0
3867 2
3868 10
3869 4
3870 0
3871 0
3872 12
3873 0
3874 0
3875 5
3876 5
3877 0
3878 176
3879 0
3880 0
3881 2943
3882 0
3883 2657
3884 0
3885 0
3886 0
3887 0
3888 6
3889 22
3890 0
3891 0
3892 1435
3893 0
3894 2
3895 9
3896 0
3897 32
3898 1076
3899 28
3900 0
3901 0
3902 289
3903 509
3904 0
3905 0
3906 0
3907 0
3908 0
3909 0
3910 19
3911 0
3912 0
3913 0
3914 0
3915 0
3916 0
3917 643
3918 0
3919 0
3920 0
3921 0
3922 0
3923 67
3924 661
3925 206
3926 11
3927 126
3928 0
3929 0
3930 0
3931 61
3932 1008
3933 0
3934 13
3935 0
3936 0
3937 163
3938 8
3939 4
3940 1
3941 89
3942 0
3943 0
3944 0
3945 0
3946 0
3947 23
3948 2
3949 0
3950 57
3951 0
3952 0
3953 0
3954 0
3955 0
3956 0
3957 0
3958 0
3959 0
3960 1
3961 0
3962 61
3963 0
3964 6
3965 0
3966 0
3967 0
3968 0
3969 0
3970 1005
3971 0
3972 0
3973 0
3974 0
3975 3685
3976 0
3977 137
3978 538
3979 0
3980 0
3981 328
3982 0
3983 0
3984 0
3985 33
3986 0
3987 1284
3988 0
3989 0
3990 1153
3991 0
3992 0
3993 0
3994 1209
3995 13
3996 0
3997 0
3998 0
3999 111
4000 0
4001 85
4002 0
4003 0
4004 0
4005 1147
4006 15
4007 42
4008 0
4009 0
4010 840
4011 1
4012 2295
4013 47
4014 840
4015 0
4016 1
4017 499
4018 11
4019 17
4020 1764
4021 0
4022 0
4023 23
4024 0
4025 1
4026 0
4027 1589
4028 1434
4029 1
4030 0
4031 0
4032 1976
4033 165
4034 159
4035 0
4036 942
4037 0
4038 60
4039 0
4040 9
4041 0
4042 89
4043 0
4044 197
4045 64
4046 38
4047 11
4048 214
4049 1752
4050 0
4051 0
4052 2
4053 0
4054 0
4055 1113
4056 31
4057 2163
4058 0
4059 4321
4060 0
4061 0
4062 0
4063 0
4064 0
4065 0
4066 0
4067 0
4068 2
4069 0
4070 212
4071 3040
4072 2655
4073 0
4074 0
4075 17
4076 0
4077 0
4078 29
4079 0
4080 614
4081 0
4082 0
4083 33
4084 0
4085 0
4086 53
4087 0
4088 0
4089 553
4090 0
4091 0
4092 0
4093 2
4094 562
4095 0
4096 12
4097 0
4098 0
4099 0
4100 16
4101 0
4102 0
4103 0
4104 0
4105 0
4106 0
4107 0
4108 612
4109 0
4110 8
4111 797
4112 6
4113 0
4114 0
4115 0
4116 0
4117 0
4118 1
4119 0
4120 145
4121 0
4122 1
4123 54
4124 0
4125 68
4126 0
4127 0
4128 0
4129 0
4130 11
4131 0
4132 0
4133 235
4134 0
4135 819
4136 12
4137 0
4138 110
4139 0
4140 10
4141 316
4142 1
4143 1
4144 0
4145 17
4146 0
4147 0
4148 0
4149 1
4150 18
4151 1
4152 0
4153 1781
4154 0
4155 0
4156 0
4157 0
4158 0
4159 0
4160 1233
4161 0
4162 0
4163 0
4164 3142
4165 0
4166 0
4167 0
4168 0
4169 1397
4170 0
4171 2
4172 37
4173 217
4174 0
4175 0
4176 28
4177 0
4178 0
4179 0
4180 3284
4181 0
4182 630
4183 412
4184 0
4185 0
4186 120
4187 4012
4188 0
4189 0
4190 0
4191 478
4192 849
4193 2983
4194 0
4195 1
4196 88
4197 0
4198 0
4199 0
4200 24
4201 2007
4202 816
4203 1
4204 0
4205 0
4206 600
4207 0
4208 0
4209 4
4210 0
4211 0
4212 0
4213 0
4214 23
4215 0
4216 166
4217 0
4218 102
4219 0
4220 0
4221 2
4222 201
4223 65
4224 0
4225 1827
4226 0
4227 4
4228 0
4229 2
4230 244
4231 0
4232 0
4233 0
4234 38
4235 8
4236 21
4237 0
4238 0
4239 0
4240 0
4241 0
4242 19
4243 72
4244 0
4245 0
4246 0
4247 0
4248 1283
4249 2
4250 0
4251 0
4252 0
4253 0
4254 0
4255 0
4256 1
4257 0
4258 0
4259 0
4260 0
4261 0
4262 6
4263 0
4264 32
4265 0
4266 1
4267 0
4268 0
4269 0
4270 734
4271 0
4272 241
4273 0
4274 0
4275 0
4276 0
4277 13
4278 0
4279 0
4280 1012
4281 190
4282 0
4283 0
4284 0
4285 1
4286 0
4287 3
4288 0
4289 2
4290 1
4291 275
4292 1
4293 0
4294 0
4295 8
4296 0
4297 0
4298 0
4299 0
4300 0
4301 487
4302 0
4303 0
4304 0
4305 0
4306 2500
4307 0
4308 54
4309 0
4310 0
4311 31
4312 0
4313 10
4314 0
4315 0
4316 2
4317 516
4318 0
4319 0
4320 18
4321 353
4322 0
4323 1
4324 0
4325 0
4326 0
4327 132
4328 0
4329 0
4330 0
4331 584
4332 10
4333 0
4334 0
4335 24
4336 0
4337 0
4338 274
4339 0
4340 0
4341 298
4342 0
4343 0
4344 0
4345 0
4346 18
4347 324
4348 0
4349 0
4350 0
4351 0
4352 0
4353 0
4354 3888
4355 0
4356 0
4357 2078
4358 0
4359 0
4360 0
4361 0
4362 2
4363 0
4364 0
4365 0
4366 0
4367 0
4368 1
4369 0
4370 0
4371 39
4372 37
4373 0
4374 0
4375 0
4376 0
4377 1
4378 245
4379 24
4380 0
4381 0
4382 0
4383 0
4384 0
4385 0
4386 90
4387 0
4388 0
4389 1551
4390 0
4391 0
4392 754
4393 0
4394 1324
4395 20
4396 0
4397 0
4398 0
4399 0
4400 0
4401 0
4402 6
4403 3
4404 0
4405 0
4406 0
4407 0
4408 0
4409 0
4410 0
4411 4296
4412 778
4413 70
4414 0
4415 5
4416 0
4417 1017
4418 38
4419 0
4420 32
4421 0
4422 7
4423 0
4424 0
4425 0
4426 464
4427 1
4428 0
4429 0
4430 0
4431 3
4432 271
4433 71
4434 0
4435 2
4436 0
4437 100
4438 13
4439 0
4440 805
4441 0
4442 0
4443 109
4444 211
4445 0
4446 0
4447 0
4448 0
4449 2965
4450 0
4451 89
4452 0
4453 2
4454 0
4455 17
4456 72
4457 3
4458 0
4459 0
4460 3
4461 1057
4462 862
4463 61
4464 5
4465 0
4466 107
4467 0
4468 0
4469 11
4470 0
4471 1
4472 0
4473 64
4474 10
4475 1
4476 3
4477 0
4478 0
4479 0
4480 2404
4481 293
4482 0
4483 1
4484 0
4485 0
4486 0
4487 0
4488 0
4489 0
4490 0
4491 0
4492 1
4493 195
4494 0
4495 0
4496 0
4497 1091
4498 0
4499 0
4500 83
4501 0
4502 0
4503 45
4504 2217
4505 0
4506 0
4507 0
4508 3207
4509 0
4510 970
4511 3
4512 0
4513 9
4514 12
4515 11
4516 0
4517 1
4518 0
4519 699
4520 0
4521 0
4522 121
4523 6
4524 11
4525 0
4526 139
4527 0
4528 0
4529 0
4530 0
4531 0
4532 58
4533 3
4534 0
4535 16
4536 4
4537 0
4538 0
4539 4120
4540 669
4541 1961
4542 0
4543 9
4544 3521
4545 0
4546 0
4547 1
4548 1
4549 0
4550 0
4551 4
4552 7
4553 2
4554 0
4555 1
4556 0
4557 0
4558 0
4559 0
4560 0
4561 236
4562 628
4563 4346
4564 2380
4565 1
4566 0
4567 0
4568 0
4569 0
4570 0
4571 0
4572 0
4573 2
4574 0
4575 0
4576 46
4577 0
4578 676
4579 61
4580 110
4581 48
4582 31
4583 0
4584 0
4585 0
4586 0
4587 19
4588 1
4589 1
4590 0
4591 100
4592 24
4593 0
4594 352
4595 4
4596 0
4597 85
4598 0
4599 247
4600 43
4601 0
4602 5
4603 18
4604 0
4605 2
4606 21
4607 0
4608 0
4609 3995
4610 3
4611 0
4612 0
4613 119
4614 0
4615 0
4616 0
4617 1417
4618 0
4619 216
4620 421
4621 149
4622 14
4623 0
4624 0
4625 343
4626 2
4627 0
4628 0
4629 105
4630 0
4631 0
4632 58
4633 0
4634 0
4635 1
4636 700
4637 4
4638 0
4639 0
4640 9
4641 0
4642 12
4643 1
4644 0
4645 3257
4646 0
4647 0
4648 5
4649 0
4650 1342
4651 0
4652 0
4653 0
4654 0
4655 0
4656 0
4657 0
4658 0
4659 0
4660 0
4661 0
4662 70
4663 13
4664 0
4665 0
4666 0
4667 0
4668 13
4669 12
4670 0
4671 145
4672 0
4673 1554
4674 0
4675 0
4676 0
4677 0
4678 0
4679 65
4680 11
4681 0
4682 5
4683 0
4684 0
4685 914
4686 0
4687 1
4688 0
4689 0
4690 0
4691 0
4692 0
4693 0
4694 10
4695 20
4696 0
4697 0
4698 7
4699 12
4700 7
4701 0
4702 0
4703 80
4704 0
4705 0
4706 0
4707 5
4708 2
4709 0
4710 0
4711 1
4712 0
4713 425
4714 0
4715 0
4716 0
4717 0
4718 93
4719 1063
4720 0
4721 0
4722 0
4723 0
4724 0
4725 33
4726 2
4727 2
4728 0
4729 4205
4730 0
4731 0
4732 0
4733 0
4734 0
4735 0
4736 0
4737 0
4738 8
4739 1234
4740 0
4741 0
4742 0
4743 0
4744 445
4745 73
4746 0
4747 2
4748 0
4749 0
4750 1015
4751 451
4752 0
4753 0
4754 0
4755 0
4756 87
4757 162
4758 0
4759 0
4760 1
4761 18
4762 0
4763 1
4764 37
4765 0
4766 0
4767 0
4768 0
4769 11
4770 0
4771 0
4772 325
4773 0
4774 0
4775 98
4776 0
4777 0
4778 36
4779 1
4780 23
4781 0
4782 0
4783 0
4784 387
4785 0
4786 810
4787 5
4788 0
4789 0
4790 0
4791 0
4792 0
4793 1
4794 0
4795 201
4796 0
4797 2634
4798 0
4799 1656
4800 29
4801 0
4802 1
4803 141
4804 2
4805 4
4806 0
4807 1
4808 3
4809 0
4810 1892
4811 39
4812 0
4813 634
4814 0
4815 0
4816 0
4817 168
4818 0
4819 14
4820 14
4821 0
4822 0
4823 49
4824 0
4825 286
4826 0
4827 0
4828 310
4829 12
4830 1286
4831 0
4832 0
4833 0
4834 5
4835 0
4836 0
4837 0
4838 32
4839 0
4840 1
4841 1
4842 0
4843 52
4844 0
4845 0
4846 1
4847 3136
4848 0
4849 0
4850 0
4851 0
4852 0
4853 0
4854 0
4855 21
4856 0
4857 55
4858 749
4859 2
4860 0
4861 1
4862 0
4863 6
4864 0
4865 81
4866 0
4867 0
4868 0
4869 97
4870 11
4871 0
4872 0
4873 1097
4874 0
4875 15
4876 1
4877 1790
4878 0
4879 0
4880 1
4881 1
4882 0
4883 2
4884 0
4885 1
4886 19
4887 0
4888 3701
4889 0
4890 0
4891 0
4892 0
4893 0
4894 0
4895 0
4896 0
4897 942
4898 0
4899 329
4900 1
4901 0
4902 0
4903 1499
4904 0
4905 0
4906 9
4907 3175
4908 0
4909 0
4910 0
4911 0
4912 60
4913 0
4914 968
4915 188
4916 0
4917 0
4918 2
4919 16
4920 60
4921 319
4922 0
4923 1321
4924 6
4925 0
4926 6
4927 3556
4928 1652
4929 0
4930 783
4931 0
4932 0
4933 0
4934 0
4935 1090
4936 0
4937 0
4938 0
4939 471
4940 0
4941 0
4942 0
4943 0
4944 364
4945 0
4946 1
4947 0
4948 722
4949 12
4950 23
4951 506
4952 0
4953 0
4954 7
4955 0
4956 0
4957 0
4958 0
4959 0
4960 0
4961 0
4962 0
4963 458
4964 0
4965 1
4966 0
4967 557
4968 0
4969 0
4970 156
4971 0
4972 0
4973 27
4974 0
4975 0
4976 100
4977 0
4978 0
4979 0
4980 0
4981 0
4982 0
4983 1
4984 1
4985 4398
4986 1
4987 0
4988 0
4989 3958
4990 1
4991 1700
4992 204
4993 0
4994 5
4995 2
4996 3162
4997 0
4998 0
4999 594
5000 0
5001 0
5002 0
5003 0
5004 2
5005 213
5006 3
5007 0
5008 0
5009 0
5010 0
5011 0
5012 0
5013 0
5014 0
5015 3
5016 0
5017 2124
5018 1
5019 145
5020 101
5021 862
5022 10
5023 0
5024 0
5025 0
5026 0
5027 0
5028 0
5029 0
5030 39
5031 0
5032 0
5033 0
5034 2
5035 0
5036 18
5037 0
5038 2310
5039 0
5040 0
5041 0
5042 14
5043 1854
5044 0
5045 0
5046 0
5047 0
5048 0
5049 0
5050 0
5051 0
5052 2629
5053 0
5054 0
5055 1
5056 1293
5057 0
5058 0
5059 0
5060 0
5061 0
5062 0
5063 1
5064 680
5065 0
5066 0
5067 0
5068 0
5069 0
5070 0
5071 117
5072 66
5073 4406
5074 135
5075 0
5076 13
5077 316
5078 27
5079 0
5080 0
5081 0
5082 4404
5083 0
5084 0
5085 312
5086 0
5087 0
5088 0
5089 0
5090 15
5091 125
5092 39
5093 237
5094 0
5095 0
5096 335
5097 0
5098 112
5099 0
5100 487
5101 0
5102 0
5103 0
5104 0
5105 133
5106 0
5107 120
5108 0
5109 0
5110 28
5111 2646
5112 0
5113 0
5114 0
5115 0
5116 868
5117 0
5118 0
5119 3113
5120 0
5121 2
5122 0
5123 2
5124 0
5125 0
5126 0
5127 477
5128 6
5129 0
5130 256
5131 0
5132 16
5133 907
5134 0
5135 0
5136 0
5137 10
5138 0
5139 0
5140 0
5141 0
5142 77
5143 61
5144 0
5145 0
5146 2971
5147 0
5148 2
5149 0
5150 0
5151 0
5152 276
5153 0
5154 0
5155 0
5156 0
5157 0
5158 0
5159 0
5160 0
5161 347
5162 0
5163 0
5164 0
5165 0
5166 622
5167 1531
5168 5
5169 2207
5170 9
5171 0
5172 0
5173 856
5174 0
5175 0
5176 0
5177 1014
5178 3
5179 906
5180 0
5181 73
5182 0
5183 0
5184 0
5185 0
5186 0
5187 0
5188 0
5189 0
5190 731
5191 0
5192 0
5193 0
5194 55
5195 0
5196 13
5197 0
5198 0
5199 0
5200 0
5201 1758
5202 483
5203 0
5204 130
5205 0
5206 0
5207 0
5208 0
5209 0
5210 10
5211 0
5212 0
5213 0
5214 0
5215 73
5216 1
5217 17
5218 0
5219 0
5220 253
5221 0
5222 0
5223 2938
5224 0
5225 0
5226 101
5227 1187
5228 0
5229 0
5230 686
5231 0
5232 0
5233 0
5234 85
5235 5
5236 0
5237 0
5238 2955
5239 0
5240 0
5241 0
5242 0
5243 19
5244 0
5245 0
5246 408
5247 0
5248 0
5249 297
5250 0
5251 0
5252 2
5253 246
5254 931
5255 23
5256 0
5257 1
5258 0
5259 0
5260 0
5261 77
5262 0
5263 3
5264 32
5265 0
5266 0
5267 11
5268 7
5269 0
5270 0
5271 0
5272 0
5273 189
5274 0
5275 0
5276 0
5277 1
5278 1186
5279 4
5280 949
5281 0
5282 0
5283 23
5284 0
5285 0
5286 0
5287 2159
5288 0
5289 4
5290 77
5291 0
5292 0
5293 0
5294 0
5295 0
5296 9
5297 0
5298 35
5299 1
5300 0
5301 2711
5302 0
5303 108
5304 98
5305 0
5306 0
5307 2
5308 3659
5309 0
5310 0
5311 4321
5312 0
5313 0
5314 0
5315 0
5316 0
5317 0
5318 2673
5319 187
5320 0
5321 0
5322 0
5323 0
5324 0
5325 107
5326 0
5327 0
5328 0
5329 0
5330 2
5331 3
5332 5
5333 0
5334 7
5335 1
5336 0
5337 17
5338 0
5339 0
5340 0
5341 517
5342 0
5343 11
5344 0
5345 0
5346 0
5347 0
5348 225
5349 2917
5350 0
5351 0
5352 0
5353 404
5354 0
5355 279
5356 0
5357 3803
5358 0
5359 3
5360 0
5361 0
5362 1826
5363 0
5364 186
5365 0
5366 0
5367 0
5368 155
5369 0
5370 107
5371 0
5372 3
5373 4011
5374 0
5375 0
5376 0
5377 1515
5378 177
5379 7
5380 5
5381 0
5382 2105
5383 0
5384 0
5385 0
5386 0
5387 15
5388 0
5389 0
5390 0
5391 0
5392 0
5393 0
5394 2231
5395 207
5396 2
5397 0
5398 0
5399 4
5400 704
5401 70
5402 0
5403 0
5404 0
5405 0
5406 1
5407 0
5408 0
5409 950
5410 436
5411 1
5412 0
5413 38
5414 22
5415 0
5416 202
5417 0
5418 0
5419 0
5420 1
5421 2
5422 0
5423 1057
5424 0
5425 1391
5426 0
5427 0
5428 517
5429 201
5430 0
5431 494
5432 0
5433 100
5434 0
5435 2
5436 3275
5437 0
5438 0
5439 0
5440 0
5441 0
5442 0
5443 1026
5444 0
5445 3249
5446 3399
5447 311
5448 11
5449 683
5450 7
5451 0
5452 0
5453 0
5454 99
5455 31
5456 0
5457 0
5458 0
5459 2
5460 0
5461 3357
5462 0
5463 0
5464 0
5465 0
5466 0
5467 0
5468 0
5469 7
5470 37
5471 2482
5472 0
5473 0
5474 0
5475 12
5476 0
5477 0
5478 40
5479 0
5480 1
5481 0
5482 0
5483 0
5484 449
5485 23
5486 0
5487 0
5488 0
5489 0
5490 0
5491 0
5492 0
5493 0
5494 0
5495 19
5496 1648
5497 0
5498 65
5499 0
5500 0
5501 15
5502 0
5503 0
5504 2591
5505 3
5506 0
5507 0
5508 1320
5509 0
5510 38
5511 17
5512 1
5513 0
5514 0
5515 0
5516 0
5517 0
5518 0
5519 0
5520 21
5521 0
5522 0
5523 0
5524 0
5525 48
5526 0
5527 0
5528 0
5529 5
5530 0
5531 0
5532 0
5533 0
5534 0
5535 0
5536 1371
5537 155
5538 0
5539 799
5540 915
5541 2
5542 0
5543 90
5544 0
5545 0
5546 493
5547 0
5548 7
5549 0
5550 0
5551 39
5552 12
5553 0
5554 0
5555 0
5556 2220
5557 0
5558 0
5559 375
5560 0
5561 0
5562 8
5563 0
5564 0
5565 0
5566 0
5567 1550
5568 128
5569 0
5570 62
5571 0
5572 0
5573 44
5574 0
5575 1371
5576 147
5577 0
5578 11
5579 1
5580 0
5581 0
5582 0
5583 1
5584 0
5585 1
5586 3423
5587 0
5588 0
5589 0
5590 19
5591 175
5592 228
5593 2825
5594 486
5595 0
5596 0
5597 0
5598 0
5599 24
5600 2439
5601 3407
5602 0
5603 1127
5604 0
5605 0
5606 0
5607 1
5608 0
5609 0
5610 0
5611 699
5612 295
5613 1
5614 14
5615 0
5616 0
5617 8
5618 1323
5619 1014
5620 0
5621 26
5622 1084
5623 44
5624 0
5625 30
5626 0
5627 0
5628 1
5629 0
5630 186
5631 0
5632 449
5633 0
5634 30
5635 0
5636 1
5637 0
5638 4102
5639 138
5640 6
5641 0
5642 23
5643 2613
5644 0
5645 1468
5646 1
5647 97
5648 0
5649 0
5650 0
5651 0
5652 0
5653 1
5654 220
5655 0
5656 0
5657 0
5658 0
5659 0
5660 0
5661 0
5662 11
5663 2306
5664 0
5665 0
5666 0
5667 0
5668 0
5669 0
5670 0
5671 1
5672 17
5673 0
5674 4
5675 0
5676 0
5677 0
5678 1011
5679 2
5680 0
5681 2465
5682 0
5683 0
5684 0
5685 305
5686 0
5687 0
5688 0
5689 0
5690 0
5691 0
5692 0
5693 0
5694 1027
5695 3570
5696 0
5697 5
5698 90
5699 1
5700 0
5701 0
5702 1370
5703 1
5704 4
5705 64
5706 0
5707 0
5708 0
5709 1
5710 11
5711 0
5712 0
5713 0
5714 314
5715 21
5716 0
5717 0
5718 48
5719 16
5720 0
5721 0
5722 4
5723 0
5724 0
5725 2941
5726 12
5727 48
5728 0
5729 96
5730 0
5731 68
5732 2
5733 32
5734 4
5735 0
5736 0
5737 56
5738 0
5739 210
5740 32
5741 1
5742 0
5743 0
5744 0
5745 9
5746 935
5747 6
5748 0
5749 0
5750 132
5751 0
5752 4072
5753 0
5754 31
5755 0
5756 0
5757 0
5758 0
5759 0
5760 11
5761 0
5762 0
5763 0
5764 0
5765 1
5766 2130
5767 20
5768 48
5769 1
5770 10
5771 0
5772 251
5773 0
5774 256
5775 0
5776 0
5777 0
5778 0
5779 0
5780 0
5781 0
5782 0
5783 0
5784 0
5785 0
5786 5
5787 0
5788 0
5789 0
5790 0
5791 3
5792 452
5793 3182
5794 4525
5795 0
5796 0
5797 1854
5798 1
5799 0
5800 0
5801 0
5802 0
5803 0
5804 0
5805 0
5806 0
5807 12
5808 0
5809 2025
5810 0
5811 0
5812 0
5813 38
5814 0
5815 81
5816 0
5817 0
5818 0
5819 0
5820 9
5821 2
5822 0
5823 379
5824 0
5825 0
5826 0
5827 926
5828 0
5829 0
5830 0
5831 0
5832 0
5833 0
5834 0
5835 0
5836 0
5837 0
5838 0
5839 0
5840 326
5841 0
5842 46
5843 0
5844 0
5845 0
5846 2560
5847 0
5848 0
5849 0
5850 1
5851 0
5852 0
5853 0
5854 0
5855 0
5856 0
5857 0
5858 0
5859 32
5860 0
5861 77
5862 0
5863 0
5864 0
5865 13
5866 0
5867 0
5868 0
5869 0
5870 0
5871 0
5872 0
5873 4
5874 3
5875 17
5876 0
5877 4
5878 3747
5879 0
5880 4
5881 0
5882 0
5883 1
5884 0
5885 4
5886 0
5887 0
5888 0
5889 0
5890 83
5891 0
5892 5
5893 157
5894 0
5895 10
5896 0
5897 0
5898 6
5899 0
5900 1108
5901 51
5902 1
5903 0
5904 0
5905 0
5906 2691
5907 1341
5908 0
5909 6
5910 11
5911 0
5912 0
5913 0
5914 0
5915 0
5916 0
5917 0
5918 0
5919 0
5920 0
5921 320
5922 0
5923 0
5924 3720
5925 41
5926 0
5927 7
5928 0
5929 1
5930 0
5931 3
5932 0
5933 0
5934 2178
5935 0
5936 0
5937 0
5938 0
5939 0
5940 4
5941 559
5942 0
5943 0
5944 0
5945 0
5946 0
5947 0
5948 0
5949 23
5950 0
5951 0
5952 0
5953 0
5954 0
5955 0
5956 8
5957 0
5958 5
5959 0
5960 0
5961 102
5962 99
5963 0
5964 0
5965 0
5966 1
5967 175
5968 0
5969 1078
5970 834
5971 10
5972 2166
5973 1631
5974 0
5975 0
5976 0
5977 222
5978 0
5979 2190
5980 0
5981 0
5982 587
5983 0
5984 0
5985 0
5986 1
5987 0
5988 0
5989 0
5990 0
5991 0
5992 139
5993 507
5994 0
5995 2
5996 0
5997 1
5998 18
5999 4435
6000 0
6001 0
6002 0
6003 3354
6004 0
6005 0
6006 459
6007 952
6008 0
6009 0
6010 2970
6011 0
6012 0
6013 0
6014 0
6015 699
6016 0
6017 0
6018 0
6019 0
6020 1519
6021 172
6022 1
6023 0
6024 1
6025 0
6026 0
6027 0
6028 83
6029 2
6030 0
6031 183
6032 0
6033 404
6034 10
6035 460
6036 0
6037 5
6038 0
6039 0
6040 17
6041 102
6042 350
6043 0
6044 451
6045 0
6046 0
6047 0
6048 0
6049 1
6050 25
6051 0
6052 22
6053 1605
6054 0
6055 158
6056 0
6057 495
6058 0
6059 5
6060 1
6061 0
6062 0
6063 2
6064 37
6065 0
6066 0
6067 323
6068 162
6069 0
6070 0
6071 0
6072 0
6073 7
6074 1
6075 35
6076 1
6077 0
6078 6
6079 0
6080 0
6081 5
6082 3
6083 0
6084 0
6085 0
6086 4079
6087 0
6088 0
6089 0
6090 0
6091 0
6092 0
6093 0
6094 0
6095 0
6096 47
6097 2
6098 0
6099 0
6100 1
6101 0
6102 0
6103 0
6104 0
6105 0
6106 191
6107 25
6108 0
6109 0
6110 0
6111 0
6112 29
6113 0
6114 0
6115 0
6116 130
6117 680
6118 22
6119 1
6120 0
6121 1393
6122 0
6123 0
6124 2158
6125 0
6126 1776
6127 100
6128 24
6129 1
6130 2
6131 0
6132 0
6133 0
6134 0
6135 0
6136 0
6137 0
6138 1441
6139 0
6140 2052
6141 1
6142 2
6143 2
6144 0
6145 1
6146 0
6147 170
6148 38
6149 0
6150 0
6151 0
6152 0
6153 0
6154 0
6155 34
6156 0
6157 0
6158 0
6159 72
6160 0
6161 24
6162 1
6163 0
6164 952
6165 0
6166 1189
6167 0
6168 0
6169 0
6170 3382
6171 0
6172 0
6173 0
6174 13
6175 4
6176 0
6177 14
6178 0
6179 5
6180 0
6181 0
6182 0
6183 0
6184 0
6185 0
6186 1
6187 0
6188 0
6189 129
6190 640
6191 1
6192 0
6193 0
6194 388
6195 931
6196 602
6197 0
6198 303
6199 0
6200 1065
6201 0
6202 0
6203 2978
6204 0
6205 2
6206 0
6207 0
6208 1
6209 0
6210 260
6211 0
6212 0
6213 66
6214 0
6215 0
6216 0
6217 2
6218 2301
6219 0
6220 296
6221 0
6222 0
6223 0
6224 4
6225 2
6226 0
6227 0
6228 117
6229 3
6230 0
6231 176
6232 0
6233 1413
6234 0
6235 1
6236 22
6237 1
6238 0
6239 0
6240 2468
6241 0
6242 130
6243 378
6244 30
6245 0
6246 0
6247 285
6248 1
6249 1
6250 0
6251 0
6252 3
6253 21
6254 0
6255 0
6256 6
6257 123
6258 0
6259 0
6260 0
6261 831
6262 0
6263 900
6264 1
6265 37
6266 0
6267 380
6268 0
6269 0
6270 0
6271 6
6272 0
6273 42
6274 0
6275 0
6276 914
6277 0
6278 0
6279 0
6280 0
6281 1
6282 2
6283 0
6284 0
6285 5
6286 17
6287 0
6288 0
6289 0
6290 6
6291 0
6292 1
6293 0
6294 2
6295 0
6296 0
6297 0
6298 0
6299 584
6300 0
6301 66
6302 91
6303 0
6304 0
6305 0
6306 5
6307 0
6308 0
6309 0
6310 111
6311 1315
6312 6
6313 306
6314 0
6315 0
6316 2773
6317 0
6318 9
6319 1
6320 0
6321 590
6322 0
6323 0
6324 0
6325 435
6326 0
6327 243
6328 1
6329 0
6330 2
6331 0
6332 0
6333 1
6334 0
6335 76
6336 3198
6337 238
6338 959
6339 0
6340 42
6341 0
6342 28
6343 822
6344 5
6345 0
6346 1208
6347 0
6348 0
6349 1895
6350 4323
6351 0
6352 0
6353 0
6354 474
6355 0
6356 0
6357 0
6358 0
6359 99
6360 13
6361 0
6362 0
6363 4
6364 438
6365 6
6366 0
6367 0
6368 0
6369 0
6370 0
6371 0
6372 1
6373 404
6374 0
6375 0
6376 17
6377 0
6378 0
6379 0
6380 0
6381 0
6382 0
6383 1
6384 366
6385 3899
6386 0
6387 0
6388 0
6389 0
6390 0
6391 0
6392 444
6393 0
6394 45
6395 0
6396 4
6397 749
6398 220
6399 0
6400 495
6401 12
6402 0
6403 160
6404 2
6405 0
6406 0
6407 0
6408 25
6409 1554
6410 0
6411 0
6412 0
6413 0
6414 0
6415 1769
6416 3
6417 16
6418 0
6419 0
6420 3
6421 0
6422 0
6423 0
6424 0
6425 15
6426 1
6427 0
6428 0
6429 0
6430 624
6431 1
6432 0
6433 2
6434 0
6435 0
6436 0
6437 41
6438 0
6439 0
6440 0
6441 0
6442 0
6443 805
6444 0
6445 76
6446 0
6447 0
6448 1827
6449 0
6450 0
6451 0
6452 39
6453 0
6454 0
6455 278
6456 0
6457 0
6458 0
6459 0
6460 2478
6461 0
6462 18
6463 1
6464 0
6465 1622
6466 0
6467 0
6468 0
6469 261
6470 0
6471 25
6472 0
6473 0
6474 0
6475 0
6476 0
6477 0
6478 1
6479 0
6480 0
6481 778
6482 5
6483 0
6484 1599
6485 0
6486 8
6487 0
6488 0
6489 844
6490 0
6491 0
6492 0
6493 1
6494 0
6495 64
6496 0
6497 0
6498 9
6499 1
6500 0
6501 0
6502 0
6503 0
6504 0
6505 230
6506 0
6507 211
6508 280
6509 0
6510 1
6511 0
6512 161
6513 0
6514 1113
6515 0
6516 0
6517 0
6518 599
6519 37
6520 0
6521 0
6522 2
6523 0
6524 0
6525 0
6526 0
6527 65
6528 0
6529 0
6530 0
6531 229
6532 0
6533 0
6534 0
6535 0
6536 2212
6537 0
6538 0
6539 0
6540 0
6541 0
6542 0
6543 2475
6544 0
6545 0
6546 0
6547 0
6548 0
6549 16
6550 3683
6551 0
6552 0
6553 0
6554 1268
6555 0
6556 0
6557 1620
6558 0
6559 0
6560 0
6561 0
6562 475
6563 354
6564 0
6565 42
6566 4
6567 19
6568 36
6569 0
6570 13
6571 4
6572 0
6573 10
6574 0
6575 0
6576 0
6577 266
6578 3
6579 134
6580 5
6581 0
6582 1
6583 3944
6584 4
6585 0
6586 0
6587 424
6588 0
6589 48
6590 2765
6591 0
6592 14
6593 3804
6594 0
6595 1
6596 2
6597 9
6598 0
6599 0
6600 0
6601 0
6602 0
6603 10
6604 1
6605 384
6606 1
6607 0
6608 0
6609 0
6610 0
6611 0
6612 0
6613 0
6614 791
6615 0
6616 9
6617 0
6618 0
6619 2278
6620 0
6621 8
6622 0
6623 803
6624 0
6625 1876
6626 1
6627 0
6628 0
6629 0
6630 0
6631 29
6632 0
6633 904
6634 0
6635 1
6636 0
6637 0
6638 1
6639 232
6640 0
6641 0
6642 0
6643 326
6644 0
6645 343
6646 0
6647 17
6648 0
6649 0
6650 2
6651 18
6652 0
6653 1
6654 0
6655 2
6656 204
6657 26
6658 1
6659 3
6660 0
6661 2066
6662 2
6663 0
6664 0
6665 2771
6666 0
6667 0
6668 0
6669 0
6670 0
6671 0
6672 0
6673 0
6674 211
6675 0
6676 0
6677 0
6678 0
6679 16
6680 1
6681 2
6682 0
6683 0
6684 2
6685 0
6686 11
6687 2
6688 0
6689 13
6690 185
6691 246
6692 9
6693 8
6694 3
6695 24
6696 207
6697 369
6698 0
6699 0
6700 2
6701 3
6702 0
6703 282
6704 0
6705 0
6706 0
6707 431
6708 0
6709 1
6710 0
6711 0
6712 0
6713 43
6714 12
6715 0
6716 0
6717 0
6718 0
6719 0
6720 0
6721 0
6722 0
6723 9
6724 0
6725 1
6726 0
6727 0
6728 0
6729 0
6730 2
6731 0
6732 0
6733 0
6734 0
6735 284
6736 0
6737 0
6738 283
6739 25
6740 342
6741 0
6742 385
6743 12
6744 0
6745 58
6746 0
6747 41
6748 0
6749 0
6750 0
6751 8
6752 0
6753 3075
6754 0
6755 0
6756 0
6757 990
6758 0
6759 0
6760 0
6761 1408
6762 0
6763 0
6764 38
6765 47
6766 9
6767 15
6768 0
6769 254
6770 0
6771 0
6772 0
6773 1
6774 0
6775 0
6776 2
6777 50
6778 0
6779 0
6780 0
6781 0
6782 1795
6783 1874
6784 10
6785 1
6786 42
6787 1065
6788 4296
6789 0
6790 0
6791 1
6792 0
6793 8
6794 70
6795 0
6796 1
6797 0
6798 0
6799 0
6800 10
6801 0
6802 0
6803 178
6804 0
6805 0
6806 2951
6807 131
6808 6
6809 0
6810 0
6811 439
6812 0
6813 0
6814 0
6815 0
6816 1810
6817 0
6818 3
6819 3
6820 0
6821 0
6822 81
6823 0
6824 61
6825 11
6826 0
6827 0
6828 0
6829 0
6830 0
6831 0
6832 0
6833 182
6834 0
6835 0
6836 12
6837 6
6838 2
6839 0
6840 1454
6841 0
6842 47
6843 0
6844 0
6845 0
6846 1113
6847 0
6848 0
6849 0
6850 0
6851 0
6852 1
6853 394
6854 1147
6855 4
6856 1
6857 0
6858 32
6859 52
6860 0
6861 0
6862 0
6863 104
6864 1
6865 0
6866 1853
6867 122
6868 203
6869 0
6870 906
6871 0
6872 0
6873 0
6874 285
6875 0
6876 42
6877 336
6878 0
6879 0
6880 0
6881 3
6882 0
6883 1
6884 0
6885 0
6886 0
6887 0
6888 0
6889 2
6890 0
6891 568
6892 0
6893 0
6894 0
6895 0
6896 0
6897 1665
6898 2
6899 0
6900 1
6901 3
6902 4
6903 18
6904 0
6905 0
6906 0
6907 0
6908 2191
6909 0
6910 37
6911 1
6912 206
6913 625
6914 1
6915 0
6916 0
6917 0
6918 99
6919 0
6920 0
6921 1
6922 21
6923 0
6924 883
6925 0
6926 0
6927 0
6928 2
6929 0
6930 52
6931 24
6932 0
6933 0
6934 0
6935 0
6936 0
6937 2121
6938 22
6939 570
6940 0
6941 0
6942 5
6943 0
6944 726
6945 0
6946 0
6947 0
6948 3
6949 8
6950 0
6951 10
6952 0
6953 77
6954 0
6955 0
6956 567
6957 0
6958 7
6959 47
6960 465
6961 0
6962 0
6963 0
6964 0
6965 968
6966 3
6967 0
6968 15
6969 34
6970 1055
6971 0
6972 0
6973 183
6974 83
6975 74
6976 0
6977 50
6978 1
6979 0
6980 0
6981 2
6982 0
6983 461
6984 3
6985 2042
6986 0
6987 1245
6988 52
6989 1964
6990 0
6991 1
6992 0
6993 176
6994 3
6995 58
6996 0
6997 27
6998 0
6999 78
7000 38
7001 3662
7002 0
7003 24
7004 0
7005 362
7006 0
7007 0
7008 1
7009 13
7010 187
7011 0
7012 0
7013 0
7014 0
7015 174
7016 2256
7017 0
7018 662
7019 153
7020 0
7021 3671
7022 0
7023 1
7024 0
7025 410
7026 0
7027 0
7028 0
7029 1535
7030 374
7031 294
7032 0
7033 406
7034 0
7035 1
7036 0
7037 0
7038 2
7039 17
7040 11
7041 45
7042 1
7043 0
7044 0
7045 0
7046 0
7047 3
7048 0
7049 2350
7050 3
7051 0
7052 2
7053 4
7054 0
7055 0
7056 0
7057 3107
7058 1
7059 2856
7060 0
7061 0
7062 0
7063 0
7064 0
7065 1
7066 109
7067 42
7068 0
7069 0
7070 0
7071 0
7072 3546
7073 0
7074 0
7075 821
7076 18
7077 0
7078 0
7079 0
7080 0
7081 0
7082 0
7083 0
7084 0
7085 104
7086 0
7087 0
7088 4507
7089 0
7090 89
7091 1360
7092 2
7093 0
7094 0
7095 0
7096 153
7097 3
7098 0
7099 29
7100 5
7101 0
7102 0
7103 7
7104 0
7105 0
7106 0
7107 0
7108 0
7109 0
7110 0
7111 29
7112 0
7113 230
7114 8
7115 71
7116 7
7117 0
7118 0
7119 0
7120 0
7121 2
7122 0
7123 0
7124 0
7125 1
7126 844
7127 0
7128 0
7129 0
7130 1702
7131 0
7132 0
7133 2
7134 0
7135 1
7136 3
7137 0
7138 1
7139 0
7140 12
7141 2
7142 0
7143 0
7144 0
7145 512
7146 359
7147 0
7148 0
7149 1371
7150 799
7151 22
7152 0
7153 2
7154 0
7155 1
7156 8
7157 0
7158 0
7159 0
7160 0
7161 169
7162 0
7163 0
7164 271
7165 0
7166 0
7167 270
7168 1
7169 0
7170 7
7171 24
7172 11
7173 0
7174 2
7175 0
7176 0
7177 35
7178 0
7179 0
7180 0
7181 122
7182 0
7183 4
7184 0
7185 1
7186 857
7187 1629
7188 0
7189 0
7190 11
7191 0
7192 167
7193 0
7194 0
7195 786
7196 0
7197 1985
7198 0
7199 44
7200 0
7201 0
7202 0
7203 1
7204 54
7205 0
7206 0
7207 0
7208 0
7209 0
7210 2687
7211 0
7212 0
7213 0
7214 0
7215 0
7216 1403
7217 1601
7218 0
7219 1471
7220 406
7221 0
7222 0
7223 32
7224 1062
7225 834
7226 3
7227 0
7228 0
7229 0
7230 0
7231 919
7232 184
7233 821
7234 937
7235 19
7236 5
7237 15
7238 0
7239 0
7240 963
7241 0
7242 0
7243 0
7244 2247
7245 0
7246 0
7247 3824
7248 1643
7249 719
7250 0
7251 0
7252 0
7253 0
7254 0
7255 2620
7256 0
7257 2939
7258 0
7259 0
7260 3
7261 1
7262 307
7263 238
7264 448
7265 0
7266 0
7267 0
7268 0
7269 0
7270 0
7271 0
7272 0
7273 77
7274 2
7275 0
7276 12
7277 0
7278 0
7279 0
7280 4
7281 0
7282 58
7283 968
7284 0
7285 0
7286 0
7287 0
7288 4
7289 497
7290 2016
7291 539
7292 0
7293 0
7294 253
7295 0
7296 0
7297 0
7298 0
7299 0
7300 3604
7301 0
7302 0
7303 0
7304 3499
7305 4
7306 1888
7307 228
7308 0
7309 3
7310 0
7311 1570
7312 0
7313 57
7314 3351
7315 183
7316 769
7317 0
7318 0
7319 0
7320 204
7321 0
7322 0
7323 0
7324 0
7325 1
7326 0
7327 0
7328 0
7329 0
7330 0
7331 16
7332 787
7333 34
7334 0
7335 0
7336 19
7337 0
7338 0
7339 0
7340 3803
7341 0
7342 0
7343 1
7344 20
7345 0
7346 1
7347 4
7348 0
7349 0
7350 1
7351 0
7352 0
7353 7
7354 0
7355 0
7356 694
7357 0
7358 1420
7359 322
7360 0
7361 0
7362 0
7363 0
7364 3
7365 1287
7366 119
7367 7
7368 0
7369 867
7370 0
7371 0
7372 0
7373 0
7374 0
7375 0
7376 801
7377 17
7378 0
7379 0
7380 0
7381 187
7382 0
7383 1512
7384 5
7385 0
7386 329
7387 7
7388 0
7389 0
7390 710
7391 0
7392 39
7393 0
7394 0
7395 13
7396 0
7397 0
7398 846
7399 0
7400 3154
7401 121
7402 3155
7403 0
7404 0
7405 0
7406 0
7407 0
7408 180
7409 0
7410 2
7411 4
7412 0
7413 0
7414 4
7415 0
7416 8
7417 0
7418 184
7419 40
7420 0
7421 0
7422 1698
7423 15
7424 236
7425 0
7426 3225
7427 1507
7428 0
7429 0
7430 0
7431 0
7432 0
7433 0
7434 2
7435 0
7436 0
7437 0
7438 0
7439 40
7440 0
7441 1
7442 0
7443 0
7444 509
7445 0
7446 9
7447 64
7448 0
7449 0
7450 0
7451 0
7452 0
7453 117
7454 394
7455 1
7456 0
7457 2
7458 2
7459 0
7460 319
7461 43
7462 0
7463 0
7464 0
7465 0
7466 60
7467 0
7468 0
7469 2
7470 0
7471 0
7472 328
7473 0
7474 0
7475 0
7476 2
7477 1131
7478 0
7479 0
7480 0
7481 0
7482 111
7483 3
7484 0
7485 3332
7486 0
7487 1381
7488 0
7489 0
7490 0
7491 0
7492 2697
7493 0
7494 0
7495 0
7496 0
7497 0
7498 0
7499 2762
7500 37
7501 24
7502 0
7503 0
7504 0
7505 1583
7506 0
7507 33
7508 0
7509 0
7510 0
7511 519
7512 15
7513 0
7514 0
7515 0
7516 0
7517 0
7518 11
7519 117
7520 6
7521 0
7522 0
7523 0
7524 0
7525 0
7526 64
7527 0
7528 1
7529 79
7530 0
7531 0
7532 1282
7533 0
7534 0
7535 2534
7536 47
7537 1
7538 4416
7539 0
7540 44
7541 0
7542 21
7543 0
7544 0
7545 0
7546 0
7547 37
7548 1
7549 0
7550 188
7551 0
7552 0
7553 0
7554 0
7555 0
7556 0
7557 340
7558 0
7559 0
7560 0
7561 0
7562 0
7563 0
7564 0
7565 5
7566 0
7567 0
7568 0
7569 23
7570 2
7571 0
7572 4
7573 0
7574 1
7575 0
7576 0
7577 3
7578 0
7579 0
7580 1
7581 0
7582 594
7583 0
7584 0
7585 80
7586 0
7587 0
7588 0
7589 0
7590 0
7591 416
7592 6
7593 0
7594 0
7595 0
7596 0
7597 0
7598 6
7599 0
7600 11
7601 0
7602 0
7603 0
7604 0
7605 0
7606 0
7607 0
7608 3
7609 0
7610 0
7611 0
7612 24
7613 0
7614 0
7615 0
7616 2836
7617 0
7618 682
7619 0
7620 0
7621 451
7622 4
7623 879
7624 11
7625 0
7626 2837
7627 25
7628 0
7629 0
7630 0
7631 0
7632 0
7633 4178
7634 0
7635 0
7636 180
7637 8
7638 128
7639 0
7640 3
7641 0
7642 4
7643 407
7644 0
7645 121
7646 3205
7647 2701
7648 0
7649 0
7650 0
7651 11
7652 4474
7653 0
7654 0
7655 0
7656 543
7657 1
7658 0
7659 0
7660 0
7661 2
7662 0
7663 3
7664 0
7665 0
7666 13
7667 120
7668 0
7669 0
7670 0
7671 0
7672 0
7673 0
7674 0
7675 0
7676 1206
7677 93
7678 0
7679 0
7680 1545
7681 1
7682 0
7683 1
7684 1
7685 0
7686 0
7687 0
7688 0
7689 126
7690 0
7691 0
7692 0
7693 0
7694 0
7695 4
7696 0
7697 0
7698 1399
7699 0
7700 0
7701 0
7702 3
7703 183
7704 51
7705 0
7706 0
7707 1
7708 0
7709 0
7710 109
7711 19
7712 0
7713 0
7714 0
7715 0
7716 1
7717 0
7718 0
7719 3
7720 0
7721 0
7722 0
7723 13
7724 148
7725 0
7726 0
7727 0
7728 0
7729 0
7730 0
7731 8
7732 0
7733 4
7734 0
7735 0
7736 0
7737 0
7738 0
7739 0
7740 0
7741 1
7742 0
7743 0
7744 0
7745 0
7746 514
7747 98
7748 3395
7749 5
7750 1087
7751 2271
7752 81
7753 10
7754 32
7755 0
7756 5
7757 0
7758 0
7759 0
7760 0
7761 0
7762 0
7763 3
7764 0
7765 0
7766 2752
7767 0
7768 446
7769 0
7770 10
7771 0
7772 0
7773 0
7774 0
7775 1486
7776 0
7777 0
7778 0
7779 1
7780 0
7781 3590
7782 0
7783 73
7784 3
7785 29
7786 0
7787 0
7788 0
7789 5
7790 0
7791 0
7792 1
7793 0
7794 0
7795 83
7796 0
7797 269
7798 1
7799 0
7800 0
7801 0
7802 0
7803 0
7804 0
7805 0
7806 208
7807 1
7808 26
7809 18
7810 0
7811 0
7812 0
7813 0
7814 0
7815 0
7816 10
7817 0
7818 0
7819 0
7820 7
7821 0
7822 0
7823 1
7824 2
7825 0
7826 3008
7827 0
7828 193
7829 539
7830 0
7831 0
7832 0
7833 0
7834 0
7835 0
7836 1
7837 69
7838 0
7839 13
7840 0
7841 0
7842 0
7843 0
7844 0
7845 0
7846 4
7847 954
7848 0
7849 430
7850 315
7851 0
7852 0
7853 7
7854 0
7855 123
7856 0
7857 3276
7858 0
7859 16
7860 0
7861 104
7862 5
7863 3
7864 272
7865 116
7866 60
7867 0
7868 2619
7869 2
7870 0
7871 1
7872 4033
7873 1
7874 0
7875 0
7876 0
7877 1
7878 181
7879 1850
7880 0
7881 3
7882 1
7883 0
7884 0
7885 0
7886 16
7887 1
7888 0
7889 0
7890 2
7891 478
7892 0
7893 3503
7894 15
7895 0
7896 0
7897 0
7898 0
7899 0
7900 0
7901 62
7902 0
7903 0
7904 91
7905 2
7906 1398
7907 0
7908 0
7909 0
7910 36
7911 309
7912 1209
7913 0
7914 0
7915 0
7916 0
7917 0
7918 828
7919 48
7920 0
7921 40
7922 70
7923 0
7924 0
7925 0
7926 0
7927 0
7928 83
7929 0
7930 0
7931 0
7932 0
7933 141
7934 0
7935 5
7936 0
7937 10
7938 0
7939 0
7940 0
7941 35
7942 15
7943 1026
7944 0
7945 43
7946 449
7947 17
7948 0
7949 1086
7950 0
7951 2971
7952 0
7953 0
7954 0
7955 0
7956 7
7957 0
7958 1450
7959 3200
7960 25
7961 0
7962 637
7963 0
7964 0
7965 15
7966 0
7967 0
7968 0
7969 6
7970 99
7971 0
7972 0
7973 10
7974 31
7975 0
7976 0
7977 0
7978 0
7979 0
7980 3
7981 3
7982 0
7983 0
7984 0
7985 0
7986 92
7987 0
7988 0
7989 6
7990 2
7991 0
7992 0
7993 21
7994 0
7995 59
7996 0
7997 11
7998 0
7999 0
8000 12
8001 2742
8002 6
8003 68
8004 19
8005 5
8006 0
8007 0
8008 4443
8009 49
8010 94
8011 9
8012 1
8013 32
8014 211
8015 0
8016 175
8017 1
8018 0
8019 0
8020 8
8021 0
8022 1802
8023 0
8024 8
8025 0
8026 0
8027 0
8028 0
8029 84
8030 0
8031 0
8032 0
8033 1940
8034 76
8035 737
8036 0
8037 821
8038 2
8039 2
8040 3326
8041 1
8042 0
8043 249
8044 0
8045 0
8046 19
8047 0
8048 0
8049 0
8050 0
8051 0
8052 0
8053 932
8054 0
8055 0
8056 5
8057 36
8058 0
8059 1
8060 2
8061 31
8062 0
8063 0
8064 0
8065 1
8066 0
8067 0
8068 0
8069 14
8070 330
8071 0
8072 0
8073 0
8074 0
8075 0
8076 289
8077 0
8078 119
8079 0
8080 2
8081 4
8082 0
8083 0
8084 0
8085 2
8086 0
8087 0
8088 0
8089 0
8090 0
8091 0
8092 0
8093 559
8094 12
8095 1
8096 1660
8097 0
8098 0
8099 0
8100 0
8101 0
8102 0
8103 1
8104 0
8105 90
8106 148
8107 2
8108 334
8109 26
8110 137
8111 0
8112 0
8113 0
8114 151
8115 16
8116 2
8117 0
8118 1
8119 0
8120 0
8121 0
8122 4
8123 182
8124 0
8125 0
8126 0
8127 0
8128 1205
8129 0
8130 0
8131 3858
8132 0
8133 1
8134 2432
8135 690
8136 0
8137 0
8138 0
8139 1248
8140 0
8141 0
8142 0
8143 0
8144 7
8145 2774
8146 0
8147 0
8148 0
8149 0
8150 0
8151 17
8152 0
8153 0
8154 0
8155 1
8156 246
8157 2006
8158 0
8159 76
8160 0
8161 0
8162 74
8163 41
8164 357
8165 111
8166 0
8167 0
8168 0
8169 0
8170 0
8171 0
8172 22
8173 0
8174 309
8175 0
8176 0
8177 0
8178 0
8179 7
8180 0
8181 12
8182 0
8183 1162
8184 1
8185 0
8186 0
8187 0
8188 1519
8189 0
8190 6
8191 1
8192 3
8193 73
8194 0
8195 0
8196 0
8197 75
8198 0
8199 0
8200 0
8201 14
8202 0
8203 23
8204 0
8205 29
8206 295
8207 0
8208 1
8209 44
8210 3256
8211 1
8212 982
8213 0
8214 0
8215 0
8216 0
8217 817
8218 0
8219 0
8220 4
8221 4
8222 0
8223 1111
8224 1
8225 44
8226 0
8227 1
8228 0
8229 0
8230 0
8231 15
8232 1
8233 10
8234 0
8235 4
8236 0
8237 0
8238 0
8239 0
8240 0
8241 0
8242 0
8243 59
8244 0
8245 1954
8246 0
8247 1
8248 0
8249 0
8250 0
8251 0
8252 1
8253 0
8254 3617
8255 0
8256 61
8257 1185
8258 7
8259 0
8260 9
8261 0
8262 0
8263 262
8264 0
8265 0
8266 32
8267 0
8268 3657
8269 1
8270 0
8271 1
8272 0
8273 0
8274 0
8275 0
8276 0
8277 189
8278 0
8279 10
8280 990
8281 1987
8282 17
8283 8
8284 3
8285 422
8286 0
8287 1
8288 2
8289 114
8290 0
8291 391
8292 7
8293 0
8294 0
8295 0
8296 0
8297 0
8298 0
8299 36
8300 0
8301 0
8302 0
8303 0
8304 0
8305 18
8306 857
8307 0
8308 1
8309 0
8310 0
8311 0
8312 0
8313 0
8314 21
8315 0
8316 486
8317 0
8318 0
8319 0
8320 0
8321 0
8322 0
8323 0
8324 0
8325 0
8326 0
8327 0
8328 0
8329 2
8330 2
8331 0
8332 0
8333 356
8334 2
8335 0
8336 0
8337 0
8338 1198
8339 0
8340 1
8341 251
8342 57
8343 4
8344 0
8345 0
8346 0
8347 0
8348 14
8349 8
8350 0
8351 1
8352 0
8353 0
8354 0
8355 0
8356 0
8357 0
8358 2
8359 0
8360 1989
8361 0
8362 0
8363 0
8364 0
8365 455
8366 0
8367 0
8368 3600
8369 0
8370 2
8371 0
8372 0
8373 233
8374 1099
8375 0
8376 1
8377 0
8378 0
8379 2592
8380 0
8381 8
8382 0
8383 0
8384 0
8385 0
8386 0
8387 1
8388 0
8389 1
8390 11
8391 1
8392 0
8393 1
8394 0
8395 0
8396 0
8397 0
8398 0
8399 240
8400 438
8401 0
8402 91
8403 0
8404 0
8405 0
8406 3769
8407 0
8408 731
8409 75
8410 387
8411 24
8412 1
8413 0
8414 0
8415 0
8416 0
8417 0
8418 0
8419 1721
8420 0
8421 4
8422 333
8423 2
8424 0
8425 0
8426 5
8427 0
8428 2
8429 0
8430 1
8431 0
8432 0
8433 0
8434 0
8435 0
8436 8
8437 0
8438 12
8439 46
8440 0
8441 9
8442 0
8443 0
8444 0
8445 0
8446 2
8447 0
8448 93
8449 50
8450 0
8451 94
8452 81
8453 0
8454 4
8455 0
8456 413
8457 191
8458 20
8459 0
8460 556
8461 48
8462 19
8463 0
8464 0
8465 0
8466 84
8467 157
8468 0
8469 11
8470 37
8471 78
8472 4447
8473 0
8474 0
8475 0
8476 6
8477 0
8478 0
8479 0
8480 0
8481 0
8482 0
8483 0
8484 0
8485 0
8486 0
8487 0
8488 0
8489 5
8490 0
8491 1017
8492 0
8493 2
8494 20
8495 38
8496 504
8497 0
8498 0
8499 0
8500 0
8501 0
8502 0
8503 169
8504 16
8505 0
8506 86
8507 0
8508 0
8509 3
8510 23
8511 0
8512 1156
8513 792
8514 0
8515 1
8516 0
8517 0
8518 0
8519 2378
8520 0
8521 13
8522 1
8523 3
8524 1
8525 1
8526 1
8527 0
8528 1
8529 20
8530 2524
8531 0
8532 0
8533 18
8534 12
8535 0
8536 52
8537 0
8538 0
8539 0
8540 0
8541 0
8542 0
8543 55
8544 0
8545 0
8546 0
8547 0
8548 13
8549 0
8550 61
8551 0
8552 0
8553 0
8554 0
8555 0
8556 788
8557 25
8558 1
8559 3854
8560 3
8561 0
8562 627
8563 12
8564 264
8565 2561
8566 0
8567 0
8568 1822
8569 501
8570 4
8571 0
8572 1752
8573 4
8574 332
8575 0
8576 0
8577 0
8578 768
8579 0
8580 0
8581 215
8582 2
8583 9
8584 0
8585 0
8586 0
8587 50
8588 0
8589 0
8590 0
8591 3810
8592 0
8593 0
8594 0
8595 449
8596 0
8597 0
8598 0
8599 2
8600 0
8601 74
8602 72
8603 0
8604 2
8605 0
8606 0
8607 0
8608 0
8609 0
8610 0
8611 0
8612 1247
8613 522
8614 1
8615 0
8616 0
8617 0
8618 0
8619 11
8620 0
8621 0
8622 6
8623 1365
8624 0
8625 0
8626 0
8627 0
8628 47
8629 0
8630 0
8631 71
8632 8
8633 0
8634 138
8635 0
8636 5
8637 1
8638 0
8639 0
8640 421
8641 3143
8642 0
8643 5
8644 26
8645 0
8646 91
8647 421
8648 523
8649 79
8650 0
8651 0
8652 0
8653 313
8654 10
8655 0
8656 0
8657 168
8658 0
8659 0
8660 0
8661 0
8662 0
8663 0
8664 0
8665 4238
8666 0
8667 0
8668 0
8669 0
8670 0
8671 1
8672 6
8673 221
8674 52
8675 0
8676 1
8677 1728
8678 16
8679 0
8680 268
8681 3
8682 584
8683 0
8684 1
8685 1903
8686 0
8687 19
8688 0
8689 0
8690 0
8691 0
8692 0
8693 1489
8694 0
8695 0
8696 8
8697 0
8698 11
8699 395
8700 1
8701 0
8702 0
8703 0
8704 10
8705 2
8706 8
8707 0
8708 0
8709 2
8710 1832
8711 20
8712 0
8713 3
8714 192
8715 0
8716 0
8717 0
8718 0
8719 12
8720 0
8721 1
8722 0
8723 1
8724 0
8725 0
8726 1
8727 153
8728 1
8729 333
8730 26
8731 0
8732 113
8733 0
8734 0
8735 10
8736 0
8737 0
8738 0
8739 0
8740 3
8741 0
8742 56
8743 399
8744 0
8745 0
8746 0
8747 0
8748 0
8749 3
8750 0
8751 113
8752 0
8753 0
8754 2765
8755 1294
8756 0
8757 0
8758 4336
8759 6
8760 0
8761 81
8762 1
8763 0
8764 0
8765 0
8766 0
8767 0
8768 947
8769 0
8770 0
8771 16
8772 2
8773 0
8774 0
8775 0
8776 0
8777 0
8778 0
8779 4
8780 617
8781 0
8782 0
8783 0
8784 0
8785 0
8786 0
8787 51
8788 0
8789 7
8790 10
8791 0
8792 0
8793 4
8794 23
8795 0
8796 0
8797 0
8798 38
8799 0
8800 58
8801 9
8802 0
8803 0
8804 0
8805 1083
8806 0
8807 0
8808 94
8809 1
8810 3231
8811 0
8812 686
8813 26
8814 158
8815 0
8816 0
8817 31
8818 0
8819 18
8820 18
8821 1434
8822 0
8823 0
8824 0
8825 859
8826 1645
8827 3
8828 493
8829 0
8830 0
8831 0
8832 0
8833 906
8834 281
8835 0
8836 941
8837 51
8838 631
8839 5
8840 0
8841 0
8842 71
8843 0
8844 0
8845 0
8846 113
8847 1
8848 0
8849 0
8850 683
8851 0
8852 28
8853 0
8854 741
8855 0
8856 0
8857 0
8858 0
8859 1
8860 0
8861 635
8862 12
8863 0
8864 0
8865 199
8866 0
8867 0
8868 181
8869 3431
8870 155
8871 0
8872 1
8873 19
8874 0
8875 152
8876 0
8877 0
8878 0
8879 0
8880 0
8881 42
8882 0
8883 0
8884 0
8885 0
8886 133
8887 6
8888 1980
8889 0
8890 44
8891 0
8892 10
8893 0
8894 12
8895 0
8896 0
8897 78
8898 0
8899 170
8900 58
8901 0
8902 0
8903 0
8904 1103
8905 0
8906 0
8907 476
8908 0
8909 1
8910 326
8911 0
8912 4
8913 0
8914 6
8915 0
8916 0
8917 0
8918 0
8919 1584
8920 0
8921 0
8922 153
8923 1
8924 50
8925 2
8926 0
8927 0
8928 3851
8929 0
8930 2073
8931 0
8932 0
8933 0
8934 0
8935 65
8936 22
8937 0
8938 0
8939 3
8940 131
8941 0
8942 0
8943 0
8944 0
8945 7
8946 0
8947 0
8948 2723
8949 0
8950 0
8951 54
8952 174
8953 0
8954 363
8955 299
8956 5
8957 0
8958 14
8959 0
8960 0
8961 0
8962 0
8963 0
8964 12
8965 0
8966 0
8967 0
8968 0
8969 61
8970 0
8971 4
8972 8
8973 0
8974 0
8975 1
8976 0
8977 1
8978 2
8979 0
8980 0
8981 227
8982 0
8983 0
8984 0
8985 0
8986 2
8987 0
8988 0
8989 3958
8990 14
8991 0
8992 0
8993 1
8994 3489
8995 3
8996 985
8997 0
8998 261
8999 0
9000 0
9001 0
9002 0
9003 0
9004 1868
9005 0
9006 18
9007 0
9008 0
9009 0
9010 0
9011 0
9012 5
9013 0
9014 1123
9015 3
9016 0
9017 151
9018 0
9019 1
9020 0
9021 0
9022 0
9023 2
9024 1
9025 1
9026 5
9027 4
9028 284
9029 0
9030 0
9031 0
9032 0
9033 0
9034 0
9035 0
9036 0
9037 143
9038 0
9039 0
9040 0
9041 0
9042 0
9043 0
9044 0
9045 0
9046 0
9047 0
9048 0
9049 0
9050 0
9051 0
9052 0
9053 3
9054 4
9055 0
9056 0
9057 0
9058 0
9059 607
9060 1
9061 1
9062 43
9063 1
9064 757
9065 102
9066 29
9067 101
9068 2
9069 0
9070 0
9071 0
9072 2690
9073 0
9074 0
9075 1153
9076 1210
9077 0
9078 0
9079 0
9080 0
9081 0
9082 0
9083 0
9084 37
9085 0
9086 0
9087 0
9088 0
9089 1
9090 0
9091 63
9092 147
9093 0
9094 58
9095 1241
9096 0
9097 4206
9098 0
9099 915
9100 1410
9101 0
9102 0
9103 0
9104 2
9105 445
9106 0
9107 0
9108 270
9109 1
9110 0
9111 38
9112 62
9113 0
9114 0
9115 411
9116 0
9117 3
9118 0
9119 0
9120 0
9121 0
9122 0
9123 99
9124 930
9125 0
9126 0
9127 8
9128 0
9129 0
9130 0
9131 0
9132 0
9133 0
9134 0
9135 45
9136 1923
9137 0
9138 0
9139 2
9140 1847
9141 1662
9142 1
9143 0
9144 0
9145 0
9146 88
9147 1905
9148 0
9149 0
9150 43
9151 1306
9152 3
9153 0
9154 0
9155 0
9156 0
9157 0
9158 0
9159 8
9160 595
9161 0
9162 0
9163 0
9164 2
9165 0
9166 6
9167 0
9168 0
9169 0
9170 2258
9171 79
9172 0
9173 0
9174 1522
9175 0
9176 2501
9177 0
9178 991
9179 25
9180 0
9181 0
9182 4356
9183 0
9184 0
9185 0
9186 1377
9187 0
9188 0
9189 48
9190 0
9191 1
9192 4
9193 0
9194 0
9195 0
9196 0
9197 2772
9198 113
9199 68
9200 488
9201 0
9202 0
9203 0
9204 0
9205 14
9206 0
9207 592
9208 0
9209 0
9210 0
9211 56
9212 0
9213 0
9214 0
9215 0
9216 1468
9217 0
9218 5
9219 0
9220 565
9221 2
9222 0
9223 0
9224 0
9225 0
9226 0
9227 1
9228 1579
9229 0
9230 0
9231 0
9232 0
9233 697
9234 0
9235 4457
9236 0
9237 2
9238 0
9239 0
9240 0
9241 483
9242 1
9243 41
9244 0
9245 0
9246 0
9247 137
9248 0
9249 2
9250 466
9251 0
9252 485
9253 1943
9254 0
9255 0
9256 0
9257 0
9258 84
9259 0
9260 0
9261 0
9262 284
9263 0
9264 303
9265 0
9266 0
9267 1
9268 233
9269 1710
9270 78
9271 0
9272 0
9273 3
9274 0
9275 0
9276 178
9277 0
9278 10
9279 0
9280 0
9281 1
9282 154
9283 1289
9284 88
9285 0
9286 1
9287 0
9288 0
9289 227
9290 0
9291 0
9292 16
9293 0
9294 503
9295 0
9296 600
9297 0
9298 114
9299 23
9300 421
9301 0
9302 0
9303 0
9304 0
9305 0
9306 2539
9307 156
9308 3918
9309 0
9310 138
9311 0
9312 0
9313 332
9314 9
9315 0
9316 10
9317 0
9318 0
9319 0
9320 0
9321 0
9322 1549
9323 0
9324 47
9325 1
9326 0
9327 0
9328 497
9329 0
9330 911
9331 1
9332 0
9333 755
9334 1
9335 17
9336 2
9337 0
9338 0
9339 0
9340 0
9341 2
9342 845
9343 3520
9344 0
9345 0
9346 0
9347 0
9348 0
9349 0
9350 0
9351 63
9352 1
9353 24
9354 0
9355 0
9356 0
9357 0
9358 0
9359 0
9360 332
9361 0
9362 1197
9363 0
9364 2403
9365 4
9366 0
9367 0
9368 2
9369 0
9370 0
9371 0
9372 0
9373 0
9374 2353
9375 0
9376 0
9377 0
9378 0
9379 29
9380 0
9381 0
9382 91
9383 0
9384 3
9385 0
9386 0
9387 0
9388 0
9389 5
9390 0
9391 0
9392 0
9393 581
9394 733
9395 0
9396 0
9397 11
9398 0
9399 0
9400 1174
9401 0
9402 1569
9403 0
9404 1
9405 0
9406 0
9407 498
9408 0
9409 0
9410 0
9411 0
9412 0
9413 0
9414 43
9415 0
9416 0
9417 0
9418 1
9419 702
9420 0
9421 0
9422 204
9423 0
9424 0
9425 0
9426 0
9427 0
9428 0
9429 11
9430 0
9431 0
9432 0
9433 55
9434 72
9435 76
9436 1583
9437 0
9438 0
9439 0
9440 0
9441 70
9442 0
9443 0
9444 10
9445 18
9446 0
9447 2
9448 7
9449 0
9450 5
9451 0
9452 0
9453 379
9454 0
9455 0
9456 55
9457 0
9458 1
9459 0
9460 3
9461 804
9462 123
9463 976
9464 0
9465 0
9466 0
9467 0
9468 103
9469 0
9470 0
9471 5
9472 0
9473 0
9474 0
9475 1
9476 0
9477 0
9478 0
9479 0
9480 0
9481 8
9482 0
9483 11
9484 0
9485 0
9486 0
9487 0
9488 0
9489 0
9490 1
9491 0
9492 0
9493 0
9494 6
9495 2612
9496 2
9497 18
9498 0
9499 0
9500 64
9501 6
9502 0
9503 1
9504 0
9505 329
9506 2
9507 0
9508 47
9509 1616
9510 1874
9511 0
9512 0
9513 3733
9514 154
9515 0
9516 202
9517 1
9518 803
9519 0
9520 77
9521 2727
9522 0
9523 0
9524 108
9525 0
9526 10
9527 0
9528 0
9529 0
9530 0
9531 0
9532 2
9533 0
9534 386
9535 0
9536 0
9537 175
9538 0
9539 0
9540 0
9541 0
9542 0
9543 0
9544 0
9545 0
9546 303
9547 0
9548 2
9549 0
9550 7
9551 1698
9552 0
9553 205
9554 25
9555 0
9556 705
9557 0
9558 0
9559 0
9560 0
9561 0
9562 2117
9563 0
9564 0
9565 0
9566 16
9567 0
9568 0
9569 3
9570 208
9571 0
9572 0
9573 0
9574 0
9575 672
9576 0
9577 0
9578 0
9579 0
9580 0
9581 2
9582 55
9583 2
9584 4
9585 0
9586 0
9587 40
9588 1631
9589 0
9590 3
9591 1
9592 3729
9593 135
9594 0
9595 0
9596 138
9597 0
9598 19
9599 0
9600 1887
9601 0
9602 418
9603 0
9604 58
9605 0
9606 0
9607 0
9608 0
9609 0
9610 0
9611 0
9612 1351
9613 2
9614 67
9615 38
9616 524
9617 39
9618 15
9619 232
9620 1
9621 0
9622 140
9623 9
9624 1455
9625 148
9626 0
9627 646
9628 0
9629 0
9630 0
9631 1
9632 500
9633 0
9634 0
9635 0
9636 0
9637 0
9638 0
9639 0
9640 3477
9641 4
9642 0
9643 0
9644 950
9645 2339
9646 0
9647 194
9648 0
9649 2
9650 0
9651 0
9652 0
9653 0
9654 2466
9655 0
9656 0
9657 48
9658 0
9659 0
9660 3644
9661 0
9662 1
9663 0
9664 0
9665 0
9666 0
9667 481
9668 9
9669 0
9670 76
9671 0
9672 0
9673 0
9674 2151
9675 0
9676 53
9677 15
9678 0
9679 0
9680 0
9681 0
9682 27
9683 0
9684 590
9685 22
9686 1
9687 0
9688 0
9689 0
9690 0
9691 7
9692 0
9693 5
9694 0
9695 7
9696 2411
9697 0
9698 1
9699 0
9700 0
9701 0
9702 1318
9703 0
9704 12
9705 0
9706 3849
9707 0
9708 0
9709 1186
9710 0
9711 974
9712 11
9713 20
9714 0
9715 0
9716 0
9717 0
9718 0
9719 57
9720 2032
9721 0
9722 3265
9723 0
9724 0
9725 0
9726 3367
9727 0
9728 0
9729 691
9730 1
9731 0
9732 0
9733 0
9734 28
9735 67
9736 926
9737 0
9738 0
9739 0
9740 3
9741 0
9742 0
9743 0
9744 774
9745 20
9746 0
9747 0
9748 5
9749 0
9750 2359
9751 1105
9752 58
9753 3
9754 2
9755 0
9756 1
9757 0
9758 4
9759 0
9760 0
9761 0
9762 0
9763 0
9764 0
9765 0
9766 0
9767 92
9768 0
9769 0
9770 0
9771 0
9772 0
9773 2
9774 0
9775 46
9776 0
9777 0
9778 0
9779 319
9780 0
9781 1
9782 14
9783 0
9784 1
9785 0
9786 0
9787 58
9788 72
9789 0
9790 0
9791 0
9792 1
9793 0
9794 0
9795 613
9796 0
9797 0
9798 0
9799 1
9800 0
9801 7
9802 0
9803 0
9804 99
9805 116
9806 0
9807 0
9808 1025
9809 3960
9810 0
9811 2
9812 15
9813 3
9814 2
9815 0
9816 47
9817 2
9818 0
9819 0
9820 0
9821 10
9822 0
9823 2806
9824 765
9825 0
9826 0
9827 0
9828 0
9829 0
9830 0
9831 0
9832 1649
9833 0
9834 0
9835 0
9836 0
9837 0
9838 1
9839 0
9840 0
9841 3
9842 0
9843 6
9844 0
9845 583
9846 11
9847 0
9848 0
9849 0
9850 0
9851 0
9852 0
9853 0
9854 0
9855 0
9856 0
9857 2
9858 0
9859 772
9860 60
9861 0
9862 10
9863 63
9864 0
9865 0
9866 0
9867 1755
9868 7
9869 0
9870 22
9871 0
9872 0
9873 11
9874 0
9875 2
9876 24
9877 0
9878 0
9879 9
9880 0
9881 0
9882 0
9883 824
9884 0
9885 0
9886 0
9887 84
9888 0
9889 0
9890 0
9891 0
9892 2
9893 0
9894 21
9895 0
9896 85
9897 0
9898 21
9899 32
9900 0
9901 0
9902 1
9903 0
9904 957
9905 0
9906 1
9907 3
9908 0
9909 1
9910 0
9911 0
9912 0
9913 1908
9914 235
9915 0
9916 9
9917 0
9918 0
9919 0
9920 0
9921 1040
9922 1
9923 0
9924 0
9925 0
9926 1784
9927 0
9928 4
9929 0
9930 0
9931 0
9932 7
9933 0
9934 0
9935 0
9936 0
9937 1
9938 4313
9939 0
9940 0
9941 1
9942 2
9943 0
9944 5
9945 0
9946 0
9947 0
9948 1
9949 8
9950 0
9951 17
9952 0
9953 0
9954 0
9955 0
9956 38
9957 0
9958 134
9959 0
9960 24
9961 0
9962 0
9963 14
9964 0
9965 0
9966 1
9967 0
9968 3764
9969 3
9970 0
9971 0
9972 1
9973 0
9974 0
9975 12
9976 0
9977 0
9978 0
9979 0
9980 0
9981 1
9982 0
9983 1
9984 1
9985 0
9986 0
9987 0
9988 0
9989 0
9990 324
9991 0
9992 1
9993 0
9994 1
9995 0
9996 133
9997 221
9998 0
9999 4122
